gene	Log2FoldToZero_17c_15min	TLog2FoldToZero_17c_1hr	Log2FoldToZero_17c_4hr	Log2FoldToZero_27c_15min	Log2FoldToZero_27c_1hr	Log2FoldToZero_27c_4hr	cluster
AT1G01060	-0.205414743	-0.798973513	-3.194124711	-0.442671451	-1.703595633	-5.260571295	cluster1
AT1G01390	0.336329225	-0.430011522	-1.006960774	-0.603690351	-1.941121879	-1.871615892	cluster1
AT1G04520	-0.09238742	-0.595086966	-1.440637133	-0.447488453	-1.775492345	-1.933990692	cluster1
AT1G04530	0.153264994	0.04638492	-0.105687282	-0.117490373	-0.587857862	-0.754507637	cluster1
AT1G04770	0.028761734	0.299317056	-0.951783905	0.648822494	-0.751944959	-0.820340083	cluster1
AT1G05260	-0.291478041	-0.169554332	0.014354074	-0.122551097	-0.453524629	-0.826957797	cluster1
AT1G06000	0.314668986	0.456849147	-1.65166241	0.30280836	-1.419582541	-2.688874537	cluster1
AT1G06080	0.351749848	-0.412593	-0.184365643	-0.638038835	-0.503177529	0.311781115	cluster1
AT1G06180	-0.632552375	-1.568024714	-1.955807205	-1.727917017	-1.867247573	-2.275620303	cluster1
AT1G07150	-0.060704389	-0.989329713	-1.126452917	-1.502436589	-1.326085567	-2.069228203	cluster1
AT1G07180	0.25598617	0.033250583	-0.482649329	0.163114552	-0.221815028	-1.377700706	cluster1
AT1G08280	-0.062834235	-0.435196915	-0.251707531	-0.946483624	-0.901924502	-0.387144529	cluster1
AT1G08580	-0.08915405	-0.112583182	-0.234316291	-0.491257654	-1.071366062	-0.976078485	cluster1
AT1G08650	0.280714803	-0.728637131	-0.963051191	-0.737996215	-1.731927372	-1.124265701	cluster1
AT1G09560	-0.289622298	-0.373812342	-0.609454737	-0.004204334	-0.743752136	-1.34570932	cluster1
AT1G09780	-0.01240226	-0.357136426	0.028268005	-0.143429347	-1.052400078	-1.36397309	cluster1
AT1G10490	-0.14928757	-0.295713524	-0.534573206	-0.420839187	-1.259683743	-0.938971067	cluster1
AT1G12370	-0.207163885	-0.599350385	-1.693123022	-0.308814697	-1.890254564	-2.381241958	cluster1
AT1G12740	-0.842616475	-1.212918511	-0.144177003	-1.227586792	-0.255856013	-1.321834736	cluster1
AT1G14350	0.097716347	-0.478824203	-0.546553179	-0.650242164	-1.550883065	-0.882178988	cluster1
AT1G18540	-0.406042367	-0.365357239	-0.276115548	-0.278463803	-0.476943986	-1.043892668	cluster1
AT1G18660	0.0368465	-0.144258345	-0.450238213	-0.206493646	-1.023445424	-0.826097796	cluster1
AT1G18850	-0.191982619	-0.401435395	-0.773609922	-1.027882606	-1.415888149	-0.993029742	cluster1
AT1G19900	-1.002008276	-1.150694217	-0.767469261	-0.934259294	0.11852644	-1.107365766	cluster1
AT1G20190	0.447397339	-0.582335773	0.052699289	-1.07662975	-1.432498634	-0.839936325	cluster1
AT1G22640	0.329212663	-0.136911385	0.028601891	-0.477687389	-0.506704221	0.184412815	cluster1
AT1G24280	-0.487750791	-1.030139051	-0.277900682	-0.995486707	-1.325887945	-1.127467703	cluster1
AT1G26770	0.306658305	-0.595950668	-0.705384963	-0.675859999	-0.916837046	-1.469010352	cluster1
AT1G27760	0.408466572	0.352311689	-0.665247988	-0.20569975	-1.08815104	-1.570678876	cluster1
AT1G28010	0.142880998	-0.39473339	-0.29190203	-0.712545146	-0.972756664	-0.509910477	cluster1
AT1G28130	-0.145987509	-0.905510391	-1.089609425	-1.002786923	-0.608759522	-1.20336723	cluster1
AT1G28600	0.553581484	0.385228535	-0.125834469	0.33170351	-1.516676564	-0.821215136	cluster1
AT1G28680	0.07495944	0.395480639	-0.039963256	0.034341272	-0.426624939	-0.899200577	cluster1
AT1G29720	0.456877845	0.20680838	-0.379871944	0.004583178	-0.838884103	-1.389174666	cluster1
AT1G29930	-0.47429104	-0.01899771	0.141102838	-0.111543495	-0.008236777	-0.81827084	cluster1
AT1G32200	-0.163499817	-0.255066384	-0.113764449	-0.242380939	-0.45531098	-0.906175335	cluster1
AT1G32240	-0.268850873	-0.915953292	-1.422250544	-1.061342786	-1.426554174	-1.584638086	cluster1
AT1G32440	0.034944895	-0.129396519	-0.366301847	-0.237119157	-0.925254794	-1.204704059	cluster1
AT1G44100	0.262942885	-0.1440145	-0.923227281	0.284782986	-1.58213945	-1.396528676	cluster1
AT1G47490	-0.185094705	-0.401301223	-0.438248586	-0.350911584	-1.258949238	-0.988639265	cluster1
AT1G47530	0.007259808	-0.318457165	-0.711567182	-0.328441196	-1.317020944	-1.473979391	cluster1
AT1G48650	-0.037290531	-0.511365792	-0.848967043	-0.509193299	-1.848575509	-1.493755644	cluster1
AT1G48850	0.036106847	0.087164268	-0.046170261	-0.002717032	-0.563897564	-0.699775237	cluster1
AT1G51420	-0.100430325	-0.474168002	-0.474599313	-0.015787157	-0.495645327	-1.540243102	cluster1
AT1G51680	0.164878001	0.268512595	-0.45252718	-0.046842926	-0.578636868	-1.133432004	cluster1
AT1G53510	-0.191123726	-0.335634779	-0.035766098	-0.923955413	-0.850688139	-0.271095291	cluster1
AT1G55110	0.537875687	0.013466148	-0.348199445	-0.340681227	-0.949518018	-1.110307317	cluster1
AT1G55120	0.147083089	-0.014002167	-0.185351257	-0.155322609	-1.223601417	-1.143320518	cluster1
AT1G56070	-0.159915031	-0.410533838	-0.300851518	-0.151018323	-0.850290695	-1.017428994	cluster1
AT1G56650	0.342271491	0.690300933	-1.243113104	0.321474266	-0.622809817	-2.175542213	cluster1
AT1G56670	0.326987203	0.23638141	-0.377130963	-0.002617427	-1.370902976	-1.153712816	cluster1
AT1G58270	-0.008220088	0.013075944	-0.218822802	-0.248661809	-0.545800836	-0.99346918	cluster1
AT1G58602	0.437064759	0.179447009	-0.100788208	0.187228325	-1.006784601	-0.290515085	cluster1
AT1G61730	-0.24034244	-0.318200132	-0.376133571	-0.851487505	-1.460619819	-0.908909228	cluster1
AT1G61800	3.053362177	0.40700635	-1.480068398	0.838766082	-3.799511881	-1.566390228	cluster1
AT1G62560	0.334389587	0.5088369	0.023653429	0.528808191	-1.098960951	-0.613083382	cluster1
AT1G62780	-0.145479979	-0.234365795	-0.341068013	-0.076539678	-0.396083218	-1.166757732	cluster1
AT1G63670	-0.061836765	-0.613961194	-0.238805435	-1.153190974	-1.332634156	-0.747304299	cluster1
AT1G63940	-0.215550484	-0.581622921	-0.416987028	-0.131306414	-1.138719087	-1.251285795	cluster1
AT1G64390	0.214279062	-0.328863851	-0.61664518	-0.392588512	-1.415636519	-1.669079343	cluster1
AT1G64760	0.459619797	0.05407402	-0.389172473	0.155870988	-1.145845013	-0.616100506	cluster1
AT1G65060	0.397790078	0.207418536	-2.121345014	0.516227935	-1.6825737	-2.675993171	cluster1
AT1G66270	-0.544269912	-0.862724852	-0.415538489	-0.491456616	-0.857719659	-1.425524295	cluster1
AT1G66700	1.337357653	0.329020826	0.261338318	-1.883543226	-2.119405554	-2.937881641	cluster1
AT1G67090	-0.399332633	0.032552698	0.193602137	-0.086805684	0.027003638	-0.621134618	cluster1
AT1G68130	-0.086514029	-0.633571396	-0.650978358	-1.075700157	-0.911086014	-1.073698216	cluster1
AT1G68740	0.613103034	0.248639142	-0.837091929	0.039887035	-1.034373836	-0.919141048	cluster1
AT1G69530	0.477953627	-0.795425521	0.541301672	-1.365171415	-0.731764935	0.013495105	cluster1
AT1G71890	1.03517968	0.095972603	0.407794068	-0.596463261	-1.0182361	-0.486395097	cluster1
AT1G72490	-0.563779595	-1.78008118	-3.485446998	-1.312957761	-2.152041898	-4.054462454	cluster1
AT1G73010	2.273563062	0.974850375	-2.744121056	0.612178683	-2.171385263	-2.344937827	cluster1
AT1G73730	0.242392542	-0.234656837	-0.131902458	-0.504953012	-0.772335126	-0.705667006	cluster1
AT1G74810	0.139988594	0.329234805	-0.791898313	0.87836394	-0.520509201	-1.244160247	cluster1
AT1G75040	-0.116465173	0.52850149	-0.317929188	-0.202393265	-1.30463723	-2.658889496	cluster1
AT1G75990	-0.102623553	-0.404454272	0.031596833	-0.426334545	-0.674415951	-0.571858826	cluster1
AT1G77080	-0.057859944	-0.069865697	0.065865668	-0.211136244	-0.617666203	-1.090661889	cluster1
AT1G77850	0.092021495	0.08910194	0.276942117	-0.949305627	-1.158857231	-0.641868699	cluster1
AT1G78570	0.347740504	0.559627624	-0.784634172	0.611370476	-0.476875561	-1.578141918	cluster1
AT1G79150	-0.046790577	-0.383835139	-0.518337763	-0.572576616	-1.622258187	-1.066309924	cluster1
AT1G79340	0.078609582	-0.019116603	0.042251653	0.037548406	-0.292034755	-0.620816966	cluster1
AT1G80130	1.359189968	0.198264645	-1.807321539	0.238186519	-1.266296523	-2.381184428	cluster1
AT2G01250	-0.298661835	-0.312923089	-0.160731934	-0.256950083	-0.474943112	-0.857745874	cluster1
AT2G01670	0.439418696	0.099225793	-0.126668579	-0.273161538	-0.490088909	-0.145446435	cluster1
AT2G02120	-0.447986893	-0.390530777	-0.447656501	-0.398025931	-0.603996729	-1.883561027	cluster1
AT2G03090	-0.351284139	-1.058297691	-1.118378754	-1.070367816	-2.323075883	-2.011855564	cluster1
AT2G11810	2.250593142	0.892543405	-0.157091223	-0.750638117	-2.227791639	-1.500644926	cluster1
AT2G16430	0.079338852	0.025694227	0.017028396	-0.026598109	-0.847277556	-1.018299102	cluster1
AT2G16500	-0.069213729	-0.290776807	-0.79875642	-0.564666417	-1.357148461	-1.656775754	cluster1
AT2G16890	0.074358494	-0.416960683	-1.03981909	-0.618840971	-1.586008142	-1.954036904	cluster1
AT2G18940	-0.150633309	-0.765683371	-0.950225133	-0.78327735	-1.748833346	-1.456792583	cluster1
AT2G22500	1.863582468	1.119336431	-0.539143331	1.69263881	-1.123909896	-1.881572427	cluster1
AT2G22590	0.401036328	0.69627767	-1.218957606	-0.194716064	-2.041030509	-4.408732437	cluster1
AT2G23420	0.294088672	-0.12186927	-0.792776707	0.026466541	-0.953370489	-1.194091069	cluster1
AT2G23430	0.308757061	-0.127526155	-0.65911732	-0.488434416	-0.644368938	-0.931034389	cluster1
AT2G23470	0.203036856	-0.049504652	-0.252696422	-0.691630583	-0.939407058	-0.261339337	cluster1
AT2G23910	0.453660973	0.126531611	-2.099594509	0.520433028	-1.932354506	-2.198321805	cluster1
AT2G24050	-0.276497694	-0.541130865	-0.709825736	-0.844505007	-1.534094033	-1.320587689	cluster1
AT2G25620	0.202157578	-0.341905867	-0.586663316	-0.386219245	-1.232591841	-1.373057871	cluster1
AT2G27510	-0.279162021	-0.27482157	-0.11933895	-0.319025349	-0.540514113	-1.122877547	cluster1
AT2G27840	-0.110969591	-0.189693544	-0.205006531	-0.386304672	-1.014566929	-0.892229731	cluster1
AT2G28550	-0.072083858	0.074972069	-0.470023567	-0.951274119	-1.219883437	-1.030205858	cluster1
AT2G29970	-0.007534128	-0.331038088	-0.481685337	-0.874686077	-1.003953584	-0.839327188	cluster1
AT2G30620	-0.332394435	-0.590550593	-0.166270625	-1.052412168	-0.46691388	-0.496914873	cluster1
AT2G30770	-0.10060965	-0.151019328	-1.635873996	-0.520808408	-1.628198986	-1.454186051	cluster1
AT2G32990	0.253357885	0.231986085	-0.807935331	0.195608118	0.234516038	-1.742509936	cluster1
AT2G33710	0.043837713	-0.727974627	-0.341813899	-0.529830946	-1.104813182	-1.708064779	cluster1
AT2G35960	0.060441267	-0.072667068	-0.492204127	-0.398461763	-1.323106798	-1.949188046	cluster1
AT2G36970	-0.241416419	-1.368015264	-0.890406558	-1.934184476	-2.284038075	-1.737895174	cluster1
AT2G37040	0.215178325	0.099124129	-0.938917927	0.245269654	-1.238098521	-2.073272008	cluster1
AT2G37100	-0.113390604	-0.895662067	-1.090325446	-1.19442819	-1.426377009	-1.448795044	cluster1
AT2G37220	-0.256031287	-0.277742257	-0.278308792	-0.164522901	-0.619049046	-1.135818627	cluster1
AT2G37710	0.748779609	-0.311345427	-0.621967905	0.260079965	-1.694722727	-1.168519144	cluster1
AT2G37980	-0.501645973	-0.939474842	0.042194403	-1.199235735	-0.889312372	-0.949334435	cluster1
AT2G38230	-0.146937622	-0.233451839	-1.260231405	-0.202106479	-0.93965368	-2.163227257	cluster1
AT2G39040	-1.342521244	-1.341260687	-0.894139338	-1.006989026	-0.040805426	-1.428643912	cluster1
AT2G39710	0.351034337	0.136417902	-1.254586578	-0.955478295	-2.209765786	-1.972624366	cluster1
AT2G40900	-0.267051045	-1.00715882	-1.573797855	-1.204043704	-0.664184051	-1.609489737	cluster1
AT2G41310	-0.178083185	-0.673778811	-0.536052437	-1.061834781	-0.419224521	-0.916655947	cluster1
AT2G41680	-0.138605509	-0.304853305	-0.290438398	-0.188011399	-0.567040308	-1.18020713	cluster1
AT2G41940	-0.443582502	-0.18106376	-0.972648336	-1.40373951	-0.694581032	-0.990059165	cluster1
AT2G42190	0.00101644	0.184003792	0.139620806	-0.772386645	-0.329821288	-0.283692794	cluster1
AT2G43590	0.021861395	-0.142525044	0.09372082	-0.196713712	-0.718726574	-1.164310372	cluster1
AT2G44410	0.148821424	-0.209147717	0.115426262	-0.577274451	-0.510256496	-0.020864254	cluster1
AT2G45300	0.000798889	-0.1136186	-0.274282635	-0.166813529	-0.79499382	-1.13118651	cluster1
AT2G45850	0.027447466	-0.594456552	0.011414797	-0.678404613	-1.301809604	-0.754592354	cluster1
AT2G47250	-0.07137209	-0.274300993	-0.184892257	-0.222777846	-0.747055812	-0.781794809	cluster1
AT2G47370	-0.084898916	-0.110787776	-1.235723984	-0.55347506	-1.533104441	-2.112352906	cluster1
AT2G47490	0.003979369	-0.442689475	-1.099437579	-0.582243216	-1.265927964	-1.465777171	cluster1
AT3G01060	0.25157162	0.281188698	0.307827568	0.189339637	0.033455601	-0.530753997	cluster1
AT3G01260	-0.668500305	-1.776661277	-0.378551711	-1.043946198	-2.284089745	-1.458279166	cluster1
AT3G02030	-0.056935914	-0.031945352	-0.60107179	-0.090488589	-1.357068547	-0.658692489	cluster1
AT3G02040	0.789348188	-0.628177861	-3.02429412	-1.488252286	-2.435702591	-2.485779776	cluster1
AT3G02230	-0.181404301	-0.394654707	-0.117429286	-0.311848601	-0.926046888	-1.13006004	cluster1
AT3G03790	0.695769593	-0.106176504	-0.791907524	-0.113635813	-0.986431682	-1.10189523	cluster1
AT3G04550	-0.271212578	-0.585105557	-0.534049525	-0.30586882	-0.990035202	-1.311327111	cluster1
AT3G05500	0.363458693	0.519922771	-0.114605094	0.206383559	-0.360708306	-1.078508474	cluster1
AT3G05800	-0.880791151	-1.566620098	-1.43002393	-1.978026738	-2.282854559	-1.970241232	cluster1
AT3G07320	0.064011574	-0.052259592	-0.144204326	-0.06927455	-1.172175211	-1.099113109	cluster1
AT3G07720	-0.278202987	-0.686631576	-1.061517167	0.112708629	-1.049523204	-2.28268612	cluster1
AT3G09450	-0.71601183	-1.352849972	-3.537513435	-1.800900063	-1.957872456	-3.337658521	cluster1
AT3G09820	0.05676889	-0.078594704	0.025004441	0.060137924	-0.267891927	-0.686733694	cluster1
AT3G10530	-0.25861691	-0.45382965	-0.305809866	-0.807205924	-1.476468725	-0.77886736	cluster1
AT3G10610	-0.210169408	-0.206514949	-0.362313533	-0.406428968	-0.670039322	-1.05425155	cluster1
AT3G12320	0.431814069	0.103221869	-0.536617049	-0.344662639	-0.261417774	-1.150561899	cluster1
AT3G13080	0.391887361	0.274449282	-0.504524946	0.571268546	-0.706975588	-1.14638811	cluster1
AT3G13330	-0.091686322	-0.296290338	-0.104923649	-0.21693464	-0.987883129	-1.108443269	cluster1
AT3G13600	-0.110460184	-1.015596696	-0.831507062	-1.576583306	-1.7823645	-1.669659551	cluster1
AT3G13810	-0.012780903	0.026470874	-0.353803168	-0.704136184	-0.785648824	-0.676900145	cluster1
AT3G13920	-0.126493569	-0.193280481	-0.122830918	-0.203318135	-0.740489656	-0.928705763	cluster1
AT3G14770	-0.38559365	-1.008676304	-1.364425192	-1.200039054	-1.200332483	-1.772394998	cluster1
AT3G14790	-0.164480011	-0.494190631	-0.286953028	-0.528608585	-1.015053678	-0.958951209	cluster1
AT3G15030	0.009388633	-0.080231879	-0.385336509	-0.565064206	-1.199303128	-0.980008115	cluster1
AT3G16390	-0.380322645	-0.680827826	-0.936111255	-0.383230969	-1.500148745	-3.272322241	cluster1
AT3G16560	0.037592002	-0.214440131	0.244172884	-0.963553116	-0.738178767	-0.235046906	cluster1
AT3G16660	-0.556309021	-0.72947	-0.385842978	-0.497070539	-0.883403195	-0.991635096	cluster1
AT3G17510	0.315173974	-0.650368398	-0.84217227	-0.774350781	-1.199493186	-1.033170148	cluster1
AT3G18010	-0.654589068	-1.550241938	-2.591817084	-1.629537347	-1.439448978	-2.734985554	cluster1
AT3G19450	-0.10376823	-0.325379029	-0.869120532	-0.329837913	-1.227667322	-1.619898785	cluster1
AT3G19970	0.382884584	0.349046507	-1.631162917	0.05220793	-1.472812508	-1.839812812	cluster1
AT3G21110	-0.263650813	-0.439965574	-0.374379222	-0.455185301	-1.089325885	-1.185806686	cluster1
AT3G21540	-0.162733624	-0.416337206	-0.554060492	-0.526940793	-1.60964171	-1.059841278	cluster1
AT3G21560	-0.303542732	-1.195225027	-1.931682646	-0.88794074	-2.343451952	-2.506437983	cluster1
AT3G21690	0.02535322	-0.527093911	-0.736700735	-0.474907316	-1.737208042	-1.150662789	cluster1
AT3G22104	-0.098358795	-0.436644827	-0.28022953	-0.894918098	-0.730306238	-0.223282331	cluster1
AT3G22840	-0.38332308	-0.59750059	-2.380445473	-0.078019365	-1.379925566	-4.302267242	cluster1
AT3G23810	0.22751347	0.456282126	0.24589913	0.079325868	-0.586678049	-1.347217962	cluster1
AT3G24190	0.036425661	-0.515176026	-1.12923604	-0.256175062	-1.353631614	-1.955471975	cluster1
AT3G24300	-0.778346381	-1.727335081	-0.418065345	-1.251307068	-2.135096474	-1.190923813	cluster1
AT3G25030	-0.425772822	-0.689110045	-1.385770027	-1.306312602	-1.511521639	-1.807344265	cluster1
AT3G25250	0.949600981	-1.166637808	-1.305605725	-0.665165405	-2.893682027	-3.362066144	cluster1
AT3G26310	0.233302464	-0.061395324	-0.093043936	-0.609077698	-0.534683655	-0.011995657	cluster1
AT3G26590	0.341809488	0.164811775	-0.06282401	0.209954609	-0.963148949	-0.674002226	cluster1
AT3G27740	-0.144313015	-0.324371374	-0.240874304	-0.181270252	-0.633200057	-0.83375951	cluster1
AT3G28740	-0.182940581	-0.42812778	0.677411505	0.229512008	-0.027775875	-0.304973707	cluster1
AT3G29575	0.934579674	0.104017161	-1.131450777	0.311860063	-0.096204391	-1.99486786	cluster1
AT3G44550	-0.060207023	-0.04319468	-0.897200045	-0.358115728	-0.86030844	-2.037393043	cluster1
AT3G44735	0.101109435	-0.00492052	-1.113921596	-0.675440123	-0.856487134	-0.741480116	cluster1
AT3G47080	0.772868773	0.358392616	-0.485523506	0.297079359	-0.792093686	-1.082491222	cluster1
AT3G47420	0.138816959	-1.015438964	-2.938477877	-1.513083786	-1.627874311	-2.524190742	cluster1
AT3G47500	-0.035830958	-0.116533981	0.249967162	-1.170275132	-0.662011826	-0.3989617	cluster1
AT3G47520	-0.222788315	-0.424361562	-0.403667482	-0.335911249	-0.795551928	-0.996258023	cluster1
AT3G47780	0.004163482	-0.3517344	-0.908286759	0.045798213	-1.35005191	-1.915761522	cluster1
AT3G48100	-0.118260647	-0.615175531	-0.261173738	-0.944111337	-0.487728834	-0.453583138	cluster1
AT3G49190	-0.385158161	-0.927951099	0.145309931	-0.61218907	-1.142171693	-1.507039909	cluster1
AT3G49670	-0.311241136	-0.575762163	-0.988682888	-1.061025086	-1.392282891	-1.281947359	cluster1
AT3G50240	0.137839554	0.159843105	-0.234535053	-0.325902784	-0.944896672	-0.638760705	cluster1
AT3G50760	1.106346524	0.305119046	0.069474563	0.331143368	-1.207237906	-0.871761029	cluster1
AT3G51820	-0.048381553	-0.267301445	-0.356092962	-0.126746278	-0.530141147	-1.035869216	cluster1
AT3G53260	0.35134391	-0.076409954	-0.60648139	-0.019467793	-1.315428128	-1.271580956	cluster1
AT3G54050	-0.030172001	-0.145465177	0.061083421	0.136998776	-0.181036484	-0.640143491	cluster1
AT3G54660	0.055233862	-0.082605996	-0.105946693	-0.06001221	-0.891804995	-1.111167034	cluster1
AT3G54950	0.315633525	0.331101589	-0.190067314	-0.24065753	-0.695429762	-0.971380082	cluster1
AT3G54990	-0.127586344	-0.514834692	-1.171809402	-0.704967304	-1.932034224	-1.782293859	cluster1
AT3G55120	0.139099543	0.498639089	-0.506152727	0.361405845	-0.749265123	-2.345079847	cluster1
AT3G55400	-0.269690598	-0.425642386	-0.435265598	-0.286529678	-0.832856548	-1.233429896	cluster1
AT3G55520	0.050491075	-0.135592441	-0.08232987	-0.680858237	-0.982662549	-0.921160529	cluster1
AT3G55580	0.964329069	-0.011490729	-0.884942231	1.570395088	0.056512487	-2.493107888	cluster1
AT3G56200	0.143298464	0.861984285	-1.048783973	0.772912706	-0.699246224	-1.296254029	cluster1
AT3G56300	-0.261916855	-0.925387058	-1.13812977	-1.197328593	-1.22827017	-1.891093909	cluster1
AT3G57010	0.057913051	-0.956146506	-1.448247992	-0.782259503	-0.734998919	-2.504824859	cluster1
AT3G57150	-0.211904384	-0.540903586	-0.641252592	-0.461346998	-1.214057737	-1.252714587	cluster1
AT3G59670	0.068083189	-0.097101511	-0.5150949	-0.615708671	-1.704629763	-1.177992848	cluster1
AT3G62460	0.008118179	-0.411498363	-0.525922906	-0.649068113	-1.729878652	-1.274251195	cluster1
AT4G00370	-0.014523426	-0.223987486	-0.515034432	-0.211184578	-1.224729908	-1.223924787	cluster1
AT4G02280	1.010270595	0.225059111	-0.820473094	0.179710021	-0.571115854	-1.677613858	cluster1
AT4G04210	0.141915605	-0.122126901	0.072907851	-0.292097882	-0.76344869	-0.545879694	cluster1
AT4G04570	0.171447447	0.223168066	-0.238266232	0.193146563	-1.083483792	-0.620447772	cluster1
AT4G04610	0.084890948	0.532093044	-0.716989305	0.562144222	-0.980422974	-0.97851647	cluster1
AT4G04750	0.510233002	0.353480231	-0.04355911	0.453946112	-0.86943002	-0.679068733	cluster1
AT4G04850	0.137755529	-0.034265125	-0.012223956	-0.098924421	-0.581189164	-0.648218143	cluster1
AT4G10120	0.552907152	0.267460167	-0.878969315	0.237719268	-1.263344906	-1.992089875	cluster1
AT4G10450	-0.287151997	-0.343353258	-0.387299392	-0.400997818	-0.84977638	-1.013857312	cluster1
AT4G10480	-0.168474085	-0.280363405	-0.328936874	-0.211255601	-0.527407624	-0.889575125	cluster1
AT4G11440	0.215401122	-0.371362397	-0.03180944	-0.794702122	-0.840446617	-0.190064067	cluster1
AT4G12830	0.027184092	-0.233867351	-0.465515324	-0.209356311	-0.85644563	-1.35709088	cluster1
AT4G13410	0.015599289	0.590468522	0.479677146	-0.009760078	-0.772336895	-1.786081856	cluster1
AT4G13650	0.014276713	-0.796483746	-0.431584048	-0.891058474	-1.627657173	-0.733098928	cluster1
AT4G13930	-0.100415543	-0.158499602	-0.484669423	-0.293188893	-1.236537665	-1.465258336	cluster1
AT4G14690	-0.401427813	-0.667727011	-2.11918472	-0.451767855	-1.211829794	-5.487337314	cluster1
AT4G15480	0.601341353	-0.178650473	-2.44945939	0.578414062	-2.302607156	-3.342218433	cluster1
AT4G15490	0.876962823	0.099853114	0.004527082	0.325839994	-0.91393496	-0.874997705	cluster1
AT4G17880	-0.211129104	-0.656640898	-1.450532674	-1.254417805	-1.460060385	-1.48452019	cluster1
AT4G18290	-0.166916748	-0.784465007	-0.538849787	-1.011269788	-1.364037003	-0.484059517	cluster1
AT4G19120	0.025242377	0.082440615	-0.027523702	-0.55029428	-0.898485352	-1.161946613	cluster1
AT4G19390	0.529776318	-0.219820831	0.047931902	-0.113302389	-1.749485076	-0.702198233	cluster1
AT4G19710	-0.140190603	-0.446374955	-0.493333825	-0.132427732	-0.922895014	-1.197329812	cluster1
AT4G20000	1.180059978	-0.602012313	0.174297442	-0.968870599	-0.712391927	-0.206094946	cluster1
AT4G21670	0.022071348	-0.238356602	-0.182380173	-0.388991591	-1.388771592	-0.577623956	cluster1
AT4G21770	-0.211112642	-0.546102983	-0.468928352	-0.438071002	-0.998547676	-1.235379189	cluster1
AT4G23700	-0.205680429	-1.076476921	0.431766927	-0.747322056	-0.479347944	-1.052710781	cluster1
AT4G23750	-0.21722797	-0.544020629	-0.989554524	-1.24827799	-1.265077697	-1.203487937	cluster1
AT4G24620	-0.109208157	-0.357658572	-0.150983016	-0.058262233	-0.76214002	-0.848357139	cluster1
AT4G24780	-0.058341002	-0.919837109	-0.644423566	-0.882042064	-1.322202817	-0.930795228	cluster1
AT4G25260	-0.275946251	-0.536039162	-0.248596868	-1.145420245	-0.655317468	-0.230630018	cluster1
AT4G25450	-0.016576124	-0.365506941	-0.324849094	-0.080030385	-0.797359921	-1.321876257	cluster1
AT4G25630	-0.335082165	-0.372254558	-0.491201819	-0.551200044	-1.431269736	-1.579096979	cluster1
AT4G25640	0.173614792	-0.408044949	-1.138862954	0.111042229	-1.726076896	-1.774419714	cluster1
AT4G25990	-0.335324422	-0.655830502	-0.249850003	-1.952454393	-1.553787924	-0.410114515	cluster1
AT4G26150	-1.367118767	-2.656466444	-4.104242882	-2.774137483	-2.780791299	-3.584403044	cluster1
AT4G26850	0.066899561	-0.218815814	-2.226565093	-0.072509457	-1.241320653	-2.410182823	cluster1
AT4G26860	-0.02993909	0.05324375	-0.147303327	-0.23881339	-0.42788696	-1.058854236	cluster1
AT4G26940	0.087076267	-0.157617091	0.04628211	-0.184821842	-0.631047142	-0.782713423	cluster1
AT4G27310	0.112741652	-0.315525757	0.19314968	-0.958270653	-0.414944787	-0.241255308	cluster1
AT4G27520	0.262539132	0.236123261	-0.67374792	0.29690954	-0.491971403	-1.535567771	cluster1
AT4G27560	0.311306565	0.760798872	-0.075378619	0.361875799	-0.447669987	-1.400702599	cluster1
AT4G28660	-0.132592598	-0.088988562	-0.267957883	-0.07313747	-0.215293512	-1.013968719	cluster1
AT4G29690	-0.49639988	-0.306121345	-0.636424532	-0.473396542	-1.064526653	-2.004557527	cluster1
AT4G29720	0.04940408	-0.149090383	-0.285291063	-0.888088966	-1.156441664	-0.68832965	cluster1
AT4G30080	0.129369963	0.029743579	0.484254859	-0.631192435	-0.321953548	0.022719752	cluster1
AT4G31390	0.037139955	-0.364893418	-0.657598644	-0.131509813	-1.200813479	-1.573930687	cluster1
AT4G31700	-0.237972845	-0.237250041	-0.16938554	-0.267734915	-0.437248409	-0.895645952	cluster1
AT4G32020	0.685912039	0.094898611	-0.210931166	-0.113232849	-0.94512606	-0.570251231	cluster1
AT4G32295	0.08212942	-0.3914919	-1.364827398	-0.699516837	-0.974062517	-1.055198785	cluster1
AT4G32920	0.443750786	0.129733616	-0.839149239	0.222796127	-1.199028217	-1.339736096	cluster1
AT4G32950	-0.348850754	-0.580257299	1.14627089	-0.667856736	-1.133012062	-1.829417503	cluster1
AT4G34550	0.118731216	-0.80148479	-2.089212262	-1.186248844	-3.118039869	-3.14006611	cluster1
AT4G34740	-0.371534798	-0.759273302	-0.41409944	-1.292393683	-2.491459168	-1.625896222	cluster1
AT4G34980	0.116857116	-0.13069652	-0.227531649	-0.256213312	-1.14023434	-0.608254842	cluster1
AT4G35030	-0.292478225	-0.498428213	0.061480698	-1.143856306	-0.995951048	-0.393240571	cluster1
AT4G35160	-0.341057442	-0.142951579	0.019840009	-0.668471817	-0.267155553	-1.341763176	cluster1
AT4G35270	0.246153613	-0.686453247	-0.774864809	-0.764312246	-1.428440719	-1.26808746	cluster1
AT4G36220	-0.009486517	-0.17257462	-0.440711228	-0.368076145	-1.277054317	-1.0170697	cluster1
AT4G38620	-0.506912208	-0.622341866	-1.37289608	-0.705543352	-1.796059661	-1.675289162	cluster1
AT4G38960	0.100433685	-0.507742634	-1.496538692	-0.589883554	-1.26846053	-2.364585524	cluster1
AT4G39320	0.803648113	0.934695434	-0.706638725	0.333370149	-1.218286273	-1.638043818	cluster1
AT4G39710	-0.077351622	-0.288736691	-0.253419017	-0.23956194	-0.376408617	-0.983916463	cluster1
AT4G39960	-0.046516116	-0.263753734	-0.790314992	-0.44142956	-1.542769436	-1.566775673	cluster1
AT5G01410	-0.220276063	-0.178335046	-0.563941643	-0.147506852	-0.523176928	-1.639943935	cluster1
AT5G02780	-0.275216577	-0.909598432	-1.133930188	0.196075361	-1.514624739	-2.667306232	cluster1
AT5G03680	0.170385041	-0.615861041	-0.328869485	-1.063673799	-0.941982139	-0.847442122	cluster1
AT5G04590	-0.08374108	-0.069831715	-0.117314314	-0.165222631	-0.688749267	-0.853722905	cluster1
AT5G05270	0.451097742	0.589571439	-0.672443741	0.643276277	-0.540357722	-1.731884738	cluster1
AT5G06060	0.140885826	0.028245194	-0.091571646	-0.023689852	-0.53377413	-0.998337069	cluster1
AT5G06790	0.199246045	-0.722052857	-1.471546046	-0.742691493	-1.087472971	-1.433665695	cluster1
AT5G07990	0.255689906	0.439938431	-0.553171729	1.065211322	-0.352142429	-1.724992036	cluster1
AT5G08260	0.298214429	-0.138801145	-0.108463422	0.250654002	-1.008001071	-1.08425923	cluster1
AT5G08570	0.108943512	-0.113519804	0.032614596	-0.029120835	-0.852444219	-0.790900331	cluster1
AT5G08640	0.347582723	0.384438188	-1.256550734	0.558470038	-1.008950849	-2.445211822	cluster1
AT5G09870	0.403339625	0.35955604	-0.466177057	0.191969444	-1.155424299	-1.120309342	cluster1
AT5G12010	-0.162050198	0.015405122	-0.749479538	-0.977072034	-1.126993813	-1.407327113	cluster1
AT5G13180	-0.081646214	-0.110426907	-0.346164309	-0.90616155	-0.399903447	-0.365385555	cluster1
AT5G13430	-0.072279134	-0.217000775	-0.145833907	-0.115724911	-0.369428133	-0.759217648	cluster1
AT5G13630	-0.166730422	-0.308499002	-0.365194806	-0.218453397	-0.698735306	-1.191437195	cluster1
AT5G14640	0.423232484	0.210728293	-0.451123279	0.297368985	-0.887241872	-1.406108	cluster1
AT5G14650	0.574984508	-0.86045801	-0.78413651	0.735818886	-1.498150734	-2.779488599	cluster1
AT5G14760	-0.177637943	-0.937954688	-2.257468161	-0.43207535	-1.859723919	-3.426905915	cluster1
AT5G15640	-0.039028777	-0.348957644	-0.166054158	-0.23500369	-0.984608196	-1.001350524	cluster1
AT5G15650	0.017890802	-0.03590671	0.026101899	-0.119491539	-0.300632962	-0.844328284	cluster1
AT5G15790	-0.011652902	-0.413297177	-0.325619323	-0.875669007	-1.169928413	-0.662810979	cluster1
AT5G15910	0.180327419	0.102300438	-0.106318344	0.050495595	-0.278385786	-0.767250865	cluster1
AT5G17010	0.409862351	0.30043795	-0.381182258	0.219063313	-0.793974925	-0.980178664	cluster1
AT5G18430	-0.083389983	-0.869048289	-0.454481493	-0.767589886	-1.369203428	-1.509018798	cluster1
AT5G19090	0.063180704	-0.637493702	-0.604619455	-0.820829788	-1.100673974	-0.794836849	cluster1
AT5G19240	1.647095014	1.663034785	-0.28456932	1.63780454	-0.111850001	-1.772231276	cluster1
AT5G20110	-0.311470074	-0.710809917	-0.872767755	-1.19963867	-1.309090076	-0.791556917	cluster1
AT5G20150	0.165262588	-0.93633773	-2.856142656	-2.594737992	-2.903456901	-2.878056342	cluster1
AT5G20710	0.356296601	-0.536484062	-1.705042722	-0.930684243	-1.304182762	-2.071034887	cluster1
AT5G22300	-0.250713121	-0.109163759	0.063956922	0.21780118	-0.731332886	-2.337050078	cluster1
AT5G22480	0.057288224	-0.199929303	-0.041314645	-0.289175127	-0.934227279	-0.73576335	cluster1
AT5G23020	-0.265045976	-0.637580449	-0.029036319	0.042832108	-0.810341492	-0.535899125	cluster1
AT5G23100	-0.232144313	-0.521155719	-0.606289646	-1.050566634	-0.831805708	-0.582363134	cluster1
AT5G24850	-0.006074524	-0.644279834	-1.463891983	-0.134630747	-1.577096853	-2.246805189	cluster1
AT5G24870	0.14350566	-0.736316472	-1.069182912	-0.646406626	-0.71245432	-0.751961399	cluster1
AT5G25840	0.160447958	-0.614201083	0.005992218	-0.920063821	-0.43602844	0.002749354	cluster1
AT5G25890	-0.043434362	-0.07800158	-0.447008564	-0.290896371	-0.953497255	-1.050249988	cluster1
AT5G26230	0.088628577	-0.029269476	-0.053058455	-0.909750763	-1.583647231	-0.444479794	cluster1
AT5G26290	-0.486576013	-0.528382648	-0.648424066	-1.900860854	-1.478351863	-1.109088316	cluster1
AT5G28919	-0.321871131	-0.594084909	-0.607064746	-1.333986798	-1.834235526	-1.523990749	cluster1
AT5G35970	0.013669866	-0.340023641	-0.254174129	-0.319168525	-1.447172028	-1.390164219	cluster1
AT5G38520	0.028558775	-0.102743128	0.160399402	-0.001135845	-0.165433813	-0.542924504	cluster1
AT5G39710	0.269125318	-0.3309336	-0.474308092	-0.617203919	-1.381745613	-0.575619805	cluster1
AT5G40390	0.354635798	0.355634255	-0.402300744	-0.006555716	-0.589383933	-1.571905944	cluster1
AT5G41130	-0.294426683	-0.658316654	-0.333576872	-1.191367975	-1.249706889	-0.624343639	cluster1
AT5G41900	0.123765994	0.008191791	-0.529203042	0.114792167	-1.62022809	-1.783842674	cluster1
AT5G43630	-0.240986284	-0.626337056	-0.821175289	-0.923429821	-1.570096556	-1.319478581	cluster1
AT5G44110	-0.067397393	-0.722133917	-1.746925857	-0.110865748	-1.78503091	-2.600457568	cluster1
AT5G45280	0.158123006	0.519352377	0.137530409	0.127700583	-0.231696713	-1.049378399	cluster1
AT5G45460	-0.043969365	-0.556178786	-0.239850517	-1.064155536	-1.170631176	-0.322710375	cluster1
AT5G48590	0.14127951	0.009966898	0.104035487	-0.408050931	-0.497958958	-0.204506147	cluster1
AT5G49030	-0.268057605	-0.659313358	-0.529610327	-0.241965946	-1.091752363	-1.302977679	cluster1
AT5G49280	0.717966111	0.359912184	-0.883884831	0.697202938	-0.901311462	-1.236986312	cluster1
AT5G50740	-0.064491619	-0.218801659	-0.626480469	-0.58810429	-1.249546028	-0.920618858	cluster1
AT5G50800	0.652569943	0.343058573	-0.99755201	0.04011018	-2.344087401	-2.106110011	cluster1
AT5G52650	-0.345084221	-0.173874549	-0.254463089	-0.264486242	-0.444819391	-1.109231769	cluster1
AT5G52660	0.324015769	-0.060870471	-0.546251839	-0.608485385	-0.728771364	-0.640435569	cluster1
AT5G53290	-0.646688263	-0.816016569	-0.719813116	-1.681901382	-1.951109922	-1.561671909	cluster1
AT5G53750	0.40974413	0.601941619	-0.681698459	-0.000849677	-0.707709166	-0.980163069	cluster1
AT5G54130	-0.692666212	-1.842448646	-2.693070135	-1.997794745	-2.12476888	-3.275071283	cluster1
AT5G54370	-0.140503274	-0.481458693	0.184343997	-0.122119465	-0.432267336	-0.4359984	cluster1
AT5G54470	-0.033953479	-1.311073553	-2.066371794	-1.780611258	-2.381704461	-2.874515548	cluster1
AT5G55070	-0.034369896	-0.2240323	-0.356918115	-0.14574904	-0.89087748	-1.002755194	cluster1
AT5G55570	0.239598458	0.538294179	0.090988934	0.129360738	-0.029358899	-1.378427421	cluster1
AT5G55580	-0.116096664	-0.729685337	-0.95848104	-1.13896597	-2.1997637	-1.578229484	cluster1
AT5G55920	-0.156842371	-0.285531845	-0.500820413	-0.492636087	-1.415194606	-0.90790209	cluster1
AT5G56320	-1.186357163	-2.122091072	-0.231551701	-2.452602395	-1.983400431	-1.131923246	cluster1
AT5G56860	-0.58129607	-1.475925294	-1.644202957	-1.748813849	-1.402262441	-1.724620684	cluster1
AT5G57010	1.645712204	0.338196067	-0.523491752	1.135889518	-2.671508601	-1.870763907	cluster1
AT5G58420	-0.220599092	-0.314369638	-0.330249673	-0.284745755	-0.586356101	-0.9910489	cluster1
AT5G59350	0.148151058	-0.140006139	-0.125377076	-0.89680422	-1.054456594	-0.544341871	cluster1
AT5G59480	0.185338295	0.027373189	-0.94538621	-0.002828947	-0.313075044	-1.71438974	cluster1
AT5G59670	1.300449491	0.549911751	-1.07823849	1.37847889	-1.758372118	-2.933416301	cluster1
AT5G59850	-0.192679884	-0.117883281	-0.190866859	-0.238982381	-0.564984232	-0.871366431	cluster1
AT5G59870	-0.232181409	-0.102962259	-0.182375854	-0.193787422	-0.388482113	-0.98109967	cluster1
AT5G60790	0.14678349	-0.342956829	-0.684451166	-0.506105238	-1.302455481	-1.158891188	cluster1
AT5G61170	-0.288935727	-0.29009396	-0.352954544	-0.319815378	-0.540062122	-0.969128487	cluster1
AT5G61570	-0.538227395	-0.166221476	-0.362244411	-1.533031356	-1.928808286	-1.005313778	cluster1
AT5G62220	0.062822458	-0.190656014	-1.060271509	-0.3877807	-1.412706873	-1.440380171	cluster1
AT5G62680	0.0161329	-0.192793895	-0.385017422	-0.061920549	-1.262220452	-0.9191477	cluster1
AT5G63120	-0.232934403	-0.450807292	-0.293532972	-0.601708139	-1.52479972	-1.065845363	cluster1
AT5G65310	-0.018327549	-0.366782538	0.016047464	-0.825184853	-0.834250914	-0.351435452	cluster1
AT1G01240	0.33582013	0.227249164	2.059252961	0.250692009	1.481451734	2.222117802	cluster2
AT1G02460	0.257540092	0.38204341	1.060346096	0.352870407	1.420776611	0.330440184	cluster2
AT1G02920	1.493382088	1.479578932	3.376836479	0.431282624	0.68492548	2.726071668	cluster2
AT1G03090	-0.012433971	0.046582786	1.182560124	0.025167989	0.820159923	1.66329306	cluster2
AT1G03220	0.147463321	-0.159264166	0.362276591	0.191228233	1.019575495	0.53326178	cluster2
AT1G03610	0.977827364	-0.09404671	0.600700837	0.52046873	0.801723642	0.73059838	cluster2
AT1G03850	-0.330575834	-0.536803637	2.041119693	-0.121016018	2.345614522	2.029054843	cluster2
AT1G04400	0.2848094	0.417427187	1.297619719	0.258832662	1.069141539	1.201582996	cluster2
AT1G08300	0.539897142	0.490019569	0.246383914	0.668020931	0.968107771	1.730440506	cluster2
AT1G12560	-0.4330589	-0.14455376	0.421868535	0.204916666	0.831664014	0.25370127	cluster2
AT1G12780	-0.105250456	-0.404593425	1.261738418	-0.32568077	0.410291112	2.084673459	cluster2
AT1G13080	0.48841828	0.426394875	0.446595337	0.989844517	1.888846569	1.470773223	cluster2
AT1G13300	-0.228603227	-0.371326914	1.374295209	-0.627471004	1.124948373	0.869892299	cluster2
AT1G14700	0.347091138	0.189939468	0.421429343	0.112749299	0.702162112	1.071042483	cluster2
AT1G15670	-0.586602142	1.071166789	2.352051164	0.750139275	2.148127854	2.119906025	cluster2
AT1G15740	0.214691343	-0.213801335	0.554121174	-0.014944953	0.437187596	0.732596916	cluster2
AT1G19530	1.542416068	1.068278071	3.999078082	1.479109722	4.43683753	4.607877872	cluster2
AT1G19660	0.345203666	-0.033721466	0.666264126	0.455272492	0.908620783	1.49788549	cluster2
AT1G21550	1.565964428	1.798446926	2.563629394	5.038810966	4.774194284	2.962562738	cluster2
AT1G22370	0.852076212	0.376453121	1.309716805	1.10230611	1.641448904	2.597654104	cluster2
AT1G22500	-0.491467545	-0.559172042	0.809264171	-0.442935876	0.189059434	1.281852704	cluster2
AT1G23390	1.40463668	1.796061258	3.838853623	2.039571252	2.995976274	4.00577189	cluster2
AT1G23870	0.371220854	0.606679155	1.407780293	0.636434203	1.300924936	1.431475634	cluster2
AT1G25230	-0.107224464	0.398049631	1.634460386	-0.174871747	1.344162012	2.363209237	cluster2
AT1G27350	0.023219036	-0.144761071	0.09594852	0.214834276	0.485709736	0.287450225	cluster2
AT1G28260	0.44277709	-0.030971121	0.897751051	-0.321147976	0.954276	1.486285692	cluster2
AT1G29910	-0.146535253	0.383608835	0.811803747	0.129760889	0.615847376	0.305870879	cluster2
AT1G30520	-0.124232125	0.08496158	0.157267459	0.027174251	0.652304924	0.114536428	cluster2
AT1G30720	0.870260333	1.013585336	2.863391754	1.052913372	2.023833556	3.608997442	cluster2
AT1G32260	-0.131895004	-0.533945984	-0.143143569	-0.098032188	0.233407016	0.458013294	cluster2
AT1G32400	0.02432149	-0.043924964	0.035991288	6.46E-05	0.315949934	0.397086453	cluster2
AT1G33055	1.025483336	-0.879818347	2.673031097	0.829082359	4.068166453	4.116308482	cluster2
AT1G33780	0.210656322	-0.041833515	0.159140068	0.186948238	0.408237515	0.665487239	cluster2
AT1G49130	0.831326706	0.680017408	2.04525462	1.718718054	2.477952364	3.03924071	cluster2
AT1G49320	-0.122067084	-0.606290326	0.407792562	-0.542800323	0.470279061	0.890498119	cluster2
AT1G53210	0.316647077	0.432274316	0.47512618	0.65272737	0.648734905	0.596787917	cluster2
AT1G53730	-0.245030649	-0.089714372	-0.080089811	0.049863028	0.385411928	0.618116952	cluster2
AT1G54890	-0.624956218	0.523845667	0.660076785	0.245579282	0.636842648	0.249287464	cluster2
AT1G56300	-0.079559254	-0.953995652	2.527536337	0.878552311	1.600511874	4.579381025	cluster2
AT1G60140	0.322194866	0.386152837	1.718189575	0.17935732	1.28519192	1.711996527	cluster2
AT1G60470	0.138350298	1.541919007	1.179794904	0.260086915	2.244910102	-0.130427845	cluster2
AT1G62510	0.234741151	0.978205904	1.484500817	0.757647247	2.817974633	3.103687571	cluster2
AT1G64200	-0.066034116	0.813296849	0.906296947	1.07771638	2.790528279	2.157025359	cluster2
AT1G64720	0.270046155	0.171127415	0.686820789	0.432980462	1.226438115	1.749629426	cluster2
AT1G67325	-0.042353625	-0.243401913	-0.103608934	-0.10911512	0.358758449	0.730060092	cluster2
AT1G68150	-0.260911414	-0.481798695	1.088284857	-0.300039119	0.480640092	0.739271326	cluster2
AT1G68190	-0.002610467	0.804609093	2.378701825	0.758434439	2.205021315	2.324278941	cluster2
AT1G72820	0.649506624	0.758383331	0.937393836	0.947543976	1.365215816	1.481126651	cluster2
AT1G73260	-0.10111362	0.01115341	0.202924908	0.045474447	1.305869582	1.938399283	cluster2
AT1G75380	0.13216858	0.104054781	2.428261165	0.590336127	1.928417239	3.288418397	cluster2
AT1G75750	-0.638762423	-0.288647667	-0.210583443	-0.280639016	0.729609567	0.483889224	cluster2
AT1G76080	0.004757064	0.089307202	0.451108135	0.315015837	0.813741224	0.937554945	cluster2
AT1G76240	0.016905001	-0.602209434	0.611504299	-0.980446022	-0.427561756	0.368032869	cluster2
AT1G77330	-0.149185661	0.058656417	0.971009296	-0.096087023	0.83787282	-0.034816483	cluster2
AT1G80180	-0.028053469	-0.131027802	0.230422526	0.017468453	1.035363599	0.865597434	cluster2
AT1G80440	1.708527678	3.00118741	5.163454862	3.272043378	4.133067741	5.387259277	cluster2
AT1G80920	0.492976467	1.064540001	2.97913947	0.913712251	2.13103047	2.997716313	cluster2
AT2G01870	-0.096675251	-0.219724845	0.370509259	-0.275877301	0.32717623	0.871547976	cluster2
AT2G15890	0.280634704	0.620250867	4.253664852	0.408871534	2.802082184	4.557353344	cluster2
AT2G18700	0.992922125	1.772624957	3.453914732	1.377059684	2.828100776	2.961869345	cluster2
AT2G18770	0.015012918	-0.238947554	0.141897853	-0.001481719	0.404599046	0.540821466	cluster2
AT2G22990	0.152827721	0.023686536	0.668690853	-0.016979098	0.711026911	1.378399843	cluster2
AT2G24550	1.461999951	1.086936214	1.595765002	1.591972744	1.7324995	1.849579779	cluster2
AT2G24580	-0.041730902	-0.564268078	0.013910672	-0.283749462	0.128491967	0.13724137	cluster2
AT2G25950	0.254058107	-0.129731053	0.055808237	0.084481162	0.502218138	0.711744737	cluster2
AT2G26560	0.797940583	0.715107574	5.673819412	0.27933779	0.146594695	2.664194957	cluster2
AT2G26820	0.304439553	-0.496165248	3.718007353	0.311253279	-0.402610255	2.075756715	cluster2
AT2G27310	0.760570061	-0.106953209	1.316730245	0.844143599	1.132080882	1.523179324	cluster2
AT2G29400	0.027430764	-0.288547123	0.011602109	0.18189047	0.426432928	0.695939514	cluster2
AT2G31110	-0.061852157	-0.196388828	0.454542836	-0.134436715	-0.012636683	1.113213636	cluster2
AT2G32150	1.065039578	2.23138548	1.976461408	1.755343715	2.533931908	2.402289877	cluster2
AT2G32270	-0.085636995	-0.749435179	0.388013361	-0.45410208	0.84270533	0.667520632	cluster2
AT2G32880	-0.176741391	-0.70657148	0.665681996	-0.311586435	0.451732588	1.486859788	cluster2
AT2G34610	0.659593221	-2.293526101	-1.727027292	-1.313099031	1.254247696	-1.223130422	cluster2
AT2G34620	0.338231941	0.427798081	0.81205925	0.931512547	1.712591277	1.005494003	cluster2
AT2G36690	-0.43196485	-1.546622345	2.518801566	-0.491205181	1.444623271	1.523870464	cluster2
AT2G36750	0.508287368	-0.642707103	3.085886474	0.758377353	0.978080083	2.782815364	cluster2
AT2G39570	0.630599378	0.682349572	1.607104705	0.758776286	1.524717305	1.89389438	cluster2
AT2G40610	0.888750718	-0.212459973	1.805179558	0.189003881	0.937665986	2.294776083	cluster2
AT2G40970	0.111003967	1.169053473	1.29671549	0.51748204	1.545408507	1.521076203	cluster2
AT2G42040	-0.173571019	-0.182875427	0.671389999	-0.307946586	-0.056640582	1.569670497	cluster2
AT2G42330	0.076916265	0.280461977	0.409502851	0.534266434	0.644792517	1.213214729	cluster2
AT2G42850	-0.105947434	0.233209149	0.908896955	-0.259963084	2.102731629	0.879765093	cluster2
AT2G44080	0.717577541	0.524657807	2.070923105	0.445397413	2.008136494	1.813905298	cluster2
AT2G45170	0.105608134	0.516587207	1.944838103	0.184057429	1.591163507	2.070230186	cluster2
AT2G46030	0.374759729	0.276936277	0.631334151	0.382246959	0.976759189	1.019289274	cluster2
AT3G02550	0.031195619	-0.539886624	1.068886148	0.176926099	2.818387074	1.577101534	cluster2
AT3G04730	-0.233674831	-0.272326662	0.073154892	-0.308469659	0.098102019	0.237521458	cluster2
AT3G06850	0.031183136	0.069957638	0.731683474	0.166001944	0.991070341	1.108915408	cluster2
AT3G10040	-0.661647296	-0.83411079	0.657145382	0.047471953	2.333394008	1.198451936	cluster2
AT3G10985	0.631198123	0.9039832	0.925607256	1.472163689	1.687088356	1.513424363	cluster2
AT3G11370	0.295775563	2.98505662	1.897270065	1.819421458	1.44788312	2.681954087	cluster2
AT3G12150	0.564638684	0.666125962	1.258907033	0.879773048	1.272941071	1.379220076	cluster2
AT3G15770	0.980794717	0.971823637	1.412020721	2.278032397	2.193073304	1.839346334	cluster2
AT3G18773	0.652713553	0.987004819	2.114869456	1.319597577	2.393475249	2.767436951	cluster2
AT3G21710	0.027547803	-0.143433454	0.072870524	-0.127223371	0.76043766	0.499762935	cluster2
AT3G22100	1.304529333	0.686258562	3.081490029	1.146884667	3.609455608	2.850125343	cluster2
AT3G23080	0.07518251	0.793345402	1.560820299	0.388517965	1.771092424	1.793146022	cluster2
AT3G23150	0.213955512	-0.575734101	1.402259585	0.0282731	1.395095163	1.61867181	cluster2
AT3G24100	-0.249738213	-0.057967258	0.473108191	0.154207227	1.394053109	1.998561377	cluster2
AT3G25760	1.007136873	3.317301281	3.219852577	0.653733382	2.678281586	0.837625809	cluster2
AT3G26290	0.8054048	0.546503577	3.192676816	-0.454691614	-0.005782936	3.406759498	cluster2
AT3G26890	0.131477217	-0.211583021	0.414508796	-0.062547472	0.517138907	0.581675388	cluster2
AT3G29240	0.183642193	-0.20529591	0.275826003	0.039485936	0.569539812	0.304140829	cluster2
AT3G29810	0.261738454	0.205786009	0.162210837	0.737290011	1.773952973	1.896458729	cluster2
AT3G30775	-0.066089697	1.163114285	0.962040234	0.665175625	1.173927975	0.093632467	cluster2
AT3G47160	-0.069187134	0.656662534	2.789141189	0.26756284	1.720788084	3.286741413	cluster2
AT3G47680	0.061370296	0.032538497	0.247959177	0.066669291	0.479448336	0.786318356	cluster2
AT3G47720	2.402506983	0	0.76676669	0.630474491	3.936427238	4.703760629	cluster2
AT3G47800	0.239562006	-0.375404846	1.525109354	-0.027627181	0.381689805	1.31987384	cluster2
AT3G48530	-0.036455716	-0.035645218	0.891311456	0.053837758	0.742498102	1.223925247	cluster2
AT3G49790	1.145379929	1.554249853	3.077681976	2.07587654	2.918740862	3.528905457	cluster2
AT3G50480	0.321266256	0.60032813	1.968204204	1.165260819	1.648431902	1.423443066	cluster2
AT3G51840	-0.105826594	-0.420574118	0.408764237	-0.228567997	0.144224033	0.80016396	cluster2
AT3G55240	0.304304293	0.832736048	3.111216729	-0.067460984	2.02753631	3.629590916	cluster2
AT3G56000	-0.437785586	-0.023981255	-0.093661754	-0.229423443	0.589495142	0.975350978	cluster2
AT3G59940	1.342650572	1.900021975	2.783386812	2.121327371	2.349919528	2.942234323	cluster2
AT3G61060	0.78164866	2.095404485	2.605996811	1.597683316	2.876537765	2.936877227	cluster2
AT3G63210	-0.324623139	-0.488708853	0.190828373	-1.270352108	-0.059857778	0.335528994	cluster2
AT3G63380	0.049418308	0.408537387	2.385352529	0.295421947	0.557038784	1.081280322	cluster2
AT4G01330	-0.032068004	0.580684718	1.21471274	0.650305194	1.500088428	2.12907721	cluster2
AT4G13830	0.578765034	0.772059628	1.823927813	0.690459879	1.857074692	2.493440365	cluster2
AT4G14270	0.443425899	0.061666009	2.115123007	2.365540857	2.496840915	3.223224175	cluster2
AT4G15610	-0.080075344	0.501179394	1.082005248	-0.256512949	1.153300343	0.751493544	cluster2
AT4G16520	0.13653492	-0.117546618	0.715053404	-0.067822854	0.610354163	1.06183689	cluster2
AT4G18430	-0.528589209	-0.301765878	1.061915028	-0.743142339	-0.212089855	0.227556978	cluster2
AT4G23680	0.351552519	0.323767466	0.669859624	0.619085006	1.860218791	1.720817513	cluster2
AT4G24110	0.960975157	-0.89853669	0.800760031	0.231093597	2.309618419	2.170836235	cluster2
AT4G25310	-0.118752193	-0.024086424	2.748990789	-0.222476828	-0.318323626	1.181204126	cluster2
AT4G27260	0.062052799	-0.589055757	0.071855088	-0.180690357	0.572443497	0.273073993	cluster2
AT4G27450	1.543389714	0.853431286	2.011309205	1.675107086	2.987457489	3.743978105	cluster2
AT4G28040	0.161372224	0.034710373	0.568532324	-0.106513356	1.567510192	1.071264231	cluster2
AT4G28270	0.307531211	-0.403929094	0.227640327	0.440332014	1.005685164	1.254530037	cluster2
AT4G32480	2.499642852	2.62457295	1.846213421	2.962905125	3.522800107	2.809841639	cluster2
AT4G33070	1.395635171	0.055594986	2.146685427	1.570030087	1.493574372	1.809148241	cluster2
AT4G33880	0.025161769	0.452004163	0.847759708	-0.148784309	1.359721504	0.9154625	cluster2
AT4G36410	-0.720467127	-0.326861014	1.226879586	0.017294569	1.355205949	1.399873487	cluster2
AT4G36850	-0.353306074	-0.009381614	2.705699414	-1.591641156	0.467545467	2.513755192	cluster2
AT4G36880	0.281320766	0.103486578	0.323627596	0.543406545	1.386031424	0.893757312	cluster2
AT4G37800	0.019585471	0.068592077	0.880047338	0.038651231	0.573896569	1.013584399	cluster2
AT4G40070	-0.182612058	0.85122272	2.084322032	-0.104378074	2.148810275	1.790594997	cluster2
AT5G02020	1.587833096	1.410816758	2.487940133	1.056385445	3.025860799	2.342555861	cluster2
AT5G04530	0.3076943	-0.003874962	0.613813394	-0.531397047	-0.129526061	0.557288955	cluster2
AT5G05480	0.235928768	-0.256823489	0.17882927	0.313367006	0.544686478	0.754019082	cluster2
AT5G05690	0.209769171	-0.04503919	0.615384207	-0.090029747	0.53962459	0.955321343	cluster2
AT5G07440	-0.014555088	0.18609643	0.889946522	-0.131826421	0.64867674	0.732062343	cluster2
AT5G10250	0.496544253	0.693255501	0.693572203	0.184782812	1.414057786	2.078692463	cluster2
AT5G11580	-0.019740421	-0.26308951	0.480008629	-0.134444204	0.038382188	1.041152819	cluster2
AT5G13080	0.91795644	0.05563968	0.818273892	0.910297142	2.649795227	1.616938488	cluster2
AT5G14120	-0.590953613	-0.073228763	1.699527495	-0.503491932	0.918962289	1.419725383	cluster2
AT5G15120	0.956101519	-0.911500321	1.646663592	0.298090246	2.037504656	1.173578958	cluster2
AT5G15290	-0.049890535	1.13625355	1.817869403	1.076894109	3.1516465	3.302891246	cluster2
AT5G15830	-0.004807075	-0.483125396	0.467835679	-0.422205505	0.370268676	0.40865933	cluster2
AT5G18650	0.131032407	0.050503339	0.885279189	0.094410662	0.717001462	0.84270071	cluster2
AT5G19120	1.153638321	1.247703178	1.616877736	1.56387025	2.250480812	2.16395117	cluster2
AT5G20250	-0.506775467	0.867320765	2.477626626	0.921579471	2.29817954	3.094238694	cluster2
AT5G21170	-0.197888845	-0.014697872	1.49183614	0.07836854	1.482028884	1.792306884	cluster2
AT5G21940	1.333642404	0.529621086	0.978327733	1.403701419	1.432151807	0.94466674	cluster2
AT5G22920	0.966384119	2.182253213	3.71132339	1.687062079	3.594045515	4.148325545	cluster2
AT5G23810	0.349035634	0.26797371	1.32321171	1.610732042	1.328597855	1.87771476	cluster2
AT5G24490	-0.027044339	-0.395294431	0.657144798	0.051714818	0.46686709	0.9768266	cluster2
AT5G25280	0.56423416	1.251181256	1.701047418	1.742422184	2.098202348	2.622056874	cluster2
AT5G25810	-0.583441394	1.504532907	1.857545966	-0.463441229	1.711294571	0.669414341	cluster2
AT5G28300	-0.093833723	-0.223783501	0.105696097	-0.935028922	-0.38596486	0.156504495	cluster2
AT5G28770	0.508288889	1.274287515	2.782269585	0.909882273	2.306440514	2.972382503	cluster2
AT5G35790	0.264607081	0.260178242	0.780181876	0.357841881	1.123001773	1.114643144	cluster2
AT5G37930	0.017666789	0.521636129	0.547979538	0.049812858	0.696088794	1.266648812	cluster2
AT5G39080	0.343556946	0.243311511	0.828529517	0.254934492	1.025894011	0.84411301	cluster2
AT5G39890	0.884654517	-1.368559997	0.723755311	-0.16995098	1.665226502	1.166652211	cluster2
AT5G40020	-0.019959134	-0.615461943	-0.389501528	-0.18029951	0.360915595	0.673903169	cluster2
AT5G40780	0.261048343	0.537252645	3.175707729	0.086325614	0.093617957	1.59264033	cluster2
AT5G43920	0.041749984	-0.168686553	-0.012345136	-0.047082907	0.288363793	0.646663354	cluster2
AT5G44572	-0.241273763	-0.502500545	1.206817515	-0.577712679	-0.035742418	2.300749514	cluster2
AT5G44730	0.40699985	-0.574491072	0.330375897	-0.045682879	0.553545223	0.320435244	cluster2
AT5G49360	-0.61191126	0.140977048	1.557764056	-0.602771989	1.69305436	2.492377048	cluster2
AT5G50200	-0.551652331	-0.331880809	2.0266125	-0.432654809	-0.046839674	0.702990163	cluster2
AT5G50760	-0.820035232	-0.138291193	0.595389327	-0.658615568	0.743728857	0.246178004	cluster2
AT5G51550	0.091878995	0.680802796	0.497430842	0.488004691	0.764079783	0.940404765	cluster2
AT5G54510	0.029645141	-0.315336547	0.862165546	-0.358745754	0.758173055	1.006651458	cluster2
AT5G56550	1.043448506	1.362883192	1.886872555	1.200814425	2.016043419	1.740388991	cluster2
AT5G56870	-0.117253304	-0.237217834	1.913995264	-0.645817359	1.295755087	2.181610356	cluster2
AT5G57150	-0.137274567	-0.252105484	-0.04984442	-0.179264261	0.252950218	0.592272874	cluster2
AT5G57550	1.123362122	1.951134583	2.553347485	0.647860661	3.329478925	4.227174056	cluster2
AT5G57565	0.117294185	0.329023412	0.413664021	0.111667862	0.573181458	1.25198471	cluster2
AT5G57780	-0.274826859	-0.507318066	0.422877489	-1.573362372	0.01448122	0.701453913	cluster2
AT5G58787	0.315301698	0.216718058	1.019038485	0.556098736	1.567622356	1.737589532	cluster2
AT5G59420	0.044231241	-0.109369248	0.270717756	0.082756433	0.368214802	0.499178116	cluster2
AT5G59780	-0.142177906	0.518855163	1.364593932	0.229918151	0.764042612	1.642950116	cluster2
AT5G62930	-0.181256294	-0.387468142	-0.205892378	-0.164005734	0.181881854	0.463392876	cluster2
AT5G65480	0.324159577	0.213668201	0.908260459	0.830388597	1.016583919	1.047418291	cluster2
AT5G65640	-0.036397535	-1.250070738	-0.335810159	-0.666684806	0.212558353	-0.494723347	cluster2
AT5G66880	-0.074878693	-0.361177264	0.793613916	0.387533294	0.684423157	1.59820272	cluster2
AT5G67420	0.167312523	0.777225961	0.995007366	0.749674203	0.959772388	0.901896765	cluster2
AT1G01500	0.197068532	0.946639315	1.90909184	-0.749342696	-0.780955284	1.182310903	cluster3
AT1G08090	-0.169802319	0.359382119	4.524669384	0.138560574	-1.292605764	0.987931492	cluster3
AT1G08720	0.197862946	0.333783866	0.517850977	0.587405881	0.314525398	0.606218255	cluster3
AT1G08890	0.589793967	0.228886032	0.768975077	-0.261812715	-0.460090144	0.568915551	cluster3
AT1G09240	0.132740285	0.290821568	0.677525315	-0.068164519	-1.58920412	-1.536303207	cluster3
AT1G10060	0.101318773	-0.566988059	1.479345301	-0.930817426	-0.997415364	0.829640101	cluster3
AT1G10090	0.148994951	1.080450223	0.746505623	0.528989833	0.210348313	0.360057107	cluster3
AT1G12090	-0.24907249	0.24781713	1.056020439	-0.563013696	-0.771907286	0.504532861	cluster3
AT1G13510	-0.625050711	0.14805172	0.970024032	-0.722878706	-0.339767508	-0.741433958	cluster3
AT1G14540	2.960616109	3.165820188	5.655478611	2.774859752	3.802648621	2.531793882	cluster3
AT1G18150	-0.04188916	-0.066457919	0.535695553	-0.292975797	-1.053709787	-0.197721784	cluster3
AT1G21110	0.846387311	0.160788055	1.908573709	0.019496955	-1.237497052	-0.235668987	cluster3
AT1G21120	2.303052615	1.774817572	4.266093886	0.624271031	0.395946448	0.79331216	cluster3
AT1G21540	0.264469485	0.255639786	1.107836418	-0.938024107	-1.652686719	-0.061800227	cluster3
AT1G22070	0.310543634	0.265004586	1.375642859	-0.223903528	-0.968097888	0.845256446	cluster3
AT1G22570	0.82425192	2.202328235	2.992925553	1.400807072	0.025444411	2.674995205	cluster3
AT1G26380	1.721457857	1.736622199	5.319714009	-0.471481789	-1.02980671	2.227340517	cluster3
AT1G27930	0.160159324	0.192232309	0.745655045	-0.377471427	-0.651713095	0.036670684	cluster3
AT1G28610	0.477457949	0.649998231	0.559078201	0.319756437	-0.510114403	0.486721265	cluster3
AT1G30370	3.76447634	1.117509519	2.744834055	0.66408534	0.69166847	1.253890247	cluster3
AT1G31230	-0.106094259	-0.280765766	-0.148475027	-0.024820324	-1.338587704	-0.664104967	cluster3
AT1G32540	0.129586894	0.003339666	0.487006976	-0.872478767	-1.386818314	-0.214297853	cluster3
AT1G51800	-0.030081144	0.059499532	1.552322326	-0.093173821	-0.018386256	0.220936186	cluster3
AT1G51805	0.429593048	0.677046426	1.064884687	0.260142808	-0.723865296	0.066217047	cluster3
AT1G61840	0.605093567	2.477087209	1.205445762	-0.001660325	-1.07797049	0.867527697	cluster3
AT1G63220	-0.001001776	-0.066540098	0.257053237	-0.110518046	-0.637718373	-0.426895801	cluster3
AT1G63880	-0.004293721	0.049899572	1.702910174	-0.374596618	-0.660554709	0.875878882	cluster3
AT1G64170	-0.2011741	-0.602358214	2.198511817	-0.454450548	-1.888583096	0.974240876	cluster3
AT1G65390	2.226979578	2.279999479	4.102310691	1.553249643	0.264470106	-0.091303611	cluster3
AT1G65690	0.224688621	-0.620284306	1.083276726	-0.60255854	-0.489497498	-0.032805153	cluster3
AT1G67800	0.322903329	-0.034372096	0.280316307	0.226680082	-1.089626188	-0.657453631	cluster3
AT1G68390	0.038970603	0.482207946	0.552440678	-0.421436778	-0.842413619	-1.152742785	cluster3
AT1G72416	1.389417891	3.493212706	3.9589886	4.107478777	3.308582131	4.762774801	cluster3
AT1G74080	-0.076198276	1.199683296	2.976904276	-0.242858912	1.208141357	1.663829207	cluster3
AT1G79320	0.082055852	0.031452602	1.189352583	-0.907554023	0.329210589	0.061951304	cluster3
AT2G02630	0.42988632	2.112118884	1.207285339	0.21443419	-0.367357982	0.84532934	cluster3
AT2G16660	0.239647998	1.521564485	0.867748432	0.805983149	0.479117844	0.514990194	cluster3
AT2G18690	2.695312904	2.440459557	2.537052949	2.443258871	1.921442969	0.9131838	cluster3
AT2G22300	0.169410631	0.295668231	0.824193528	0.625401456	-0.199350116	0.843256544	cluster3
AT2G28270	-0.145917989	-1.617524362	2.39139632	-1.381147986	-2.849598227	-0.390442373	cluster3
AT2G31360	-0.230957416	-0.13691592	0.849782376	-0.647314265	-1.11400137	0.16277654	cluster3
AT2G37460	0.273269344	0.426768095	0.732494136	0.036634932	-0.136184502	-0.123317444	cluster3
AT2G38860	0.03040576	0.339716404	0.45732363	-0.043222792	-0.61944287	-0.290325168	cluster3
AT2G40330	-1.13472065	0.970354846	2.604767358	-1.789662982	-0.709988324	1.595844114	cluster3
AT2G41870	1.950870144	1.742034186	1.671966307	1.410053584	1.343729658	0.963180723	cluster3
AT2G46495	-0.136666075	0.24458884	1.931575202	-0.117639024	-0.962908201	-0.079319251	cluster3
AT2G46650	-0.091904357	0.479966872	0.245299563	-0.110127929	-0.555368275	-0.561500878	cluster3
AT2G46870	0.684420323	0.911915693	0.808177455	-0.279108447	-0.177330085	0.782895999	cluster3
AT3G02250	0.206150288	0.176496213	0.446592783	-0.134074236	-0.678877414	-0.261951915	cluster3
AT3G03780	0.020020985	0.246355817	0.163293272	0.080709175	-1.169346493	-0.918420549	cluster3
AT3G07195	0.934171642	1.168327499	2.19564494	1.033426884	-1.037861376	0.362459089	cluster3
AT3G09540	0.135903629	0.273466277	0.603160902	0.038928263	-0.483551268	-0.670645368	cluster3
AT3G09940	-0.212729719	1.078541196	0.740239278	0.153338458	-0.170751867	0.229134051	cluster3
AT3G12710	0.307035232	-0.642432824	0.423441297	-0.522698897	-0.932128294	0.103018694	cluster3
AT3G13610	-0.280752708	-0.659876409	1.087838876	0.358668831	-1.080265713	-0.071840641	cluster3
AT3G25730	-0.825812577	1.252773435	0.297199613	-0.973116519	0.170335706	-0.641217473	cluster3
AT3G28130	0.457717924	0.315187906	0.561978593	0.230724489	-0.72980557	0.478744955	cluster3
AT3G28910	0.431194522	-0.446149265	0.458850316	-0.668019247	-1.156333348	-0.153231301	cluster3
AT3G44970	-0.091762653	0.243410821	0.831251202	0.331692155	0.004893135	0.430625782	cluster3
AT3G46270	-0.421605242	0.032271754	1.430273033	-0.210946359	0.003737886	-0.203956907	cluster3
AT3G46490	0.167506239	-0.125077258	0.131841834	-0.12607778	-1.532612019	-0.086197884	cluster3
AT3G50350	0.303862154	1.237056872	1.411192137	0.091010493	0.144793821	0.020659757	cluster3
AT3G52450	1.893333275	0.965214792	1.191367226	0.918231337	0.685344753	0.486694745	cluster3
AT4G01630	0.211872223	1.096169125	0.853438029	0.177299357	-1.785637784	-1.826177119	cluster3
AT4G03400	-0.527951251	0.718208256	0.456398597	-1.183720109	-1.099490179	0.018280789	cluster3
AT4G09510	0.177902575	0.40787992	0.291934873	-0.110442962	-0.40205987	-0.540601574	cluster3
AT4G12120	0.026473772	-0.077785369	0.426521419	-0.210936686	-0.652156251	-0.495957405	cluster3
AT4G12320	0.040056164	-0.045066836	0.332413993	-0.216168652	-0.702263735	-0.339936027	cluster3
AT4G13420	-0.004025037	1.320627239	1.838464681	0.606176066	0.344183864	0.109669355	cluster3
AT4G14630	-0.012639328	1.53859702	3.284479085	1.286574359	1.107712573	1.774441059	cluster3
AT4G14740	0.271075886	0.404926886	0.192175098	-0.479645986	-0.233830967	0.350439814	cluster3
AT4G15393	0.099328576	-0.525696314	1.012236541	-0.590263921	-2.342490966	-0.329993824	cluster3
AT4G18250	0.172464469	-0.345659309	1.995772932	0.395624825	-0.76247116	0.664934137	cluster3
AT4G18270	0.081658756	0.441738979	0.721564041	-0.660300239	-0.965309904	0.084107801	cluster3
AT4G19810	0.615448595	0.180715318	0.790408793	0.11262771	-0.131582299	-0.389582974	cluster3
AT4G21400	-0.208654639	0.291626393	0.976989032	-0.752296368	-1.664460389	-0.434024591	cluster3
AT4G22070	0.139539807	-0.241797603	1.134833475	-0.271641562	-0.855215466	-0.386277369	cluster3
AT4G23200	0.609757561	1.43780523	1.648244038	1.097045644	-0.599674645	0.194030337	cluster3
AT4G25090	-0.160548008	-0.753051097	0.593149247	-0.042813939	-1.476034668	-0.234147298	cluster3
AT4G29110	0.551440752	0.089191501	0.484193482	-0.173161652	-0.193175217	-0.532862532	cluster3
AT4G30600	0.240687517	0.270259494	0.102631184	0.046428765	-0.574529504	-0.28781126	cluster3
AT4G35380	-0.101455355	0.218300136	0.418408517	0.316446926	-1.154900255	-0.536855412	cluster3
AT4G38770	0.128076902	0.158692886	0.649720878	0.183035683	-0.737468056	-0.592409802	cluster3
AT4G39980	0.030512803	0.733511374	0.59446778	-0.181602321	-0.460929017	0.090738099	cluster3
AT5G05860	-0.063617251	-0.037430936	0.670981318	-0.655031614	0.375229987	-0.185549009	cluster3
AT5G11060	0.83578403	0.955047256	1.238012146	1.202938852	1.024090166	0.885312266	cluster3
AT5G19220	0.016917145	-0.031814608	0.228473714	0.03778161	-0.444544094	-0.666551363	cluster3
AT5G19250	0.207077275	0.054406383	0.657417795	0.14959698	-0.686753501	-0.450182116	cluster3
AT5G23980	0.05231223	-0.486419998	1.373109446	-0.68026414	-0.7852418	0.445299416	cluster3
AT5G23990	1.007387436	0.993537115	3.173515051	-0.67809372	-0.567813732	0.577412583	cluster3
AT5G25250	0.981472053	0.772801947	3.111716169	0.649445363	0.207353283	0.005938035	cluster3
AT5G25260	2.11623948	1.600016463	5.107841576	0.979358148	0.981201584	1.627149484	cluster3
AT5G40590	0.134751028	1.32579203	3.849831235	0.049217735	2.053558099	1.076925631	cluster3
AT5G43910	-0.019855174	0.050192766	0.915772779	-0.044862621	-0.57853513	0.070313076	cluster3
AT5G44340	-0.08847767	-0.357352711	0.108934232	-0.23495904	-0.777503128	-0.582077326	cluster3
AT5G45070	0.046165097	-0.076235285	0.461311295	0.419380459	-2.071897621	-1.19125322	cluster3
AT5G47380	0.244301945	0.184477727	0.068192693	-0.225078269	-0.959281775	-0.61409573	cluster3
AT5G48070	0.116899278	-0.014067754	0.864913018	0.200364706	-0.705488393	-0.364567726	cluster3
AT5G48657	-0.001764427	-0.339622222	0.423094092	-0.282932796	-1.066360953	-0.530859036	cluster3
AT5G49850	0.8075889	1.026120746	2.396617795	0.431592947	-0.784566363	1.345145749	cluster3
AT5G49870	-0.522929995	-0.449032195	0.738351743	-0.46847251	-0.842095538	-0.356207872	cluster3
AT5G54710	0.759166545	1.316000804	1.009992576	1.623651721	-0.939980761	-0.652373351	cluster3
AT5G54720	0.486098221	0.436407697	0.640801258	1.194278811	-1.162584666	-0.942214158	cluster3
AT5G54810	-0.003180329	-0.108179307	0.517296802	0.021196653	-0.65386835	-0.227127396	cluster3
AT5G57220	0.878391747	1.619411326	4.018544403	0.29447294	0.187068508	0.915543704	cluster3
AT5G59130	0.521199991	0.722576235	1.066960619	0.420115706	-0.862309158	0.02227334	cluster3
AT5G60680	1.328310892	1.352117201	2.147928111	1.756474826	1.956686931	1.670867224	cluster3
AT5G63180	0.753553608	-0.160863137	0.986655524	0.311719711	-0.425604949	0.18800684	cluster3
AT5G64100	-0.078239153	0.378142717	2.096042731	0.006684904	1.293604382	0.951594983	cluster3
AT5G65980	0.606316461	-0.484252819	1.835976875	-0.256612961	-1.808017384	-0.907114754	cluster3
AT1G02660	2.660026599	2.737063779	2.804204631	3.568007435	1.90894816	2.550449086	cluster4
AT1G09350	0.505187225	2.168760017	1.349133509	-0.701162994	1.821372621	-1.329962508	cluster4
AT1G10370	0.298927293	0.609417376	-0.43687751	0.316512753	-0.089342259	-1.547897169	cluster4
AT1G16370	1.191929886	2.092853739	0.393014709	1.740357936	1.293890053	-0.135218463	cluster4
AT1G16510	0.560219012	1.131426796	0.865339971	-0.404443522	0.977056877	-0.779916961	cluster4
AT1G17340	0.043821744	0.604783126	0.295597858	0.603232736	0.12001417	0.200799685	cluster4
AT1G17380	3.202986152	3.449940712	0.012787413	3.4647166	1.823889501	-0.783535051	cluster4
AT1G17420	1.607004466	2.999524179	0.032922561	1.467635444	1.382619801	-0.798969799	cluster4
AT1G17620	0.772864885	1.150922038	-0.088873704	1.114476708	-0.090883531	-0.558930293	cluster4
AT1G18210	0.397481608	0.961634048	0.241988471	0.644327737	0.271866148	-0.628312614	cluster4
AT1G18710	2.43448148	2.200805913	-0.718340462	0.313253093	0.54628291	-1.111970781	cluster4
AT1G19180	2.557888958	2.037736423	0.816500126	2.318379249	0.46378104	-0.535892725	cluster4
AT1G19200	1.326822547	0.954870294	0.062292817	-0.652727513	-0.17353663	-1.747992147	cluster4
AT1G26730	0.483032456	1.470803905	-0.14281429	2.010309275	-0.055439604	-0.420151974	cluster4
AT1G27730	4.327909958	1.773854406	1.481029665	3.570244309	0.107374311	-0.261065993	cluster4
AT1G27770	1.051160605	0.710504861	-0.193770714	1.745914024	-0.574952456	-0.368807583	cluster4
AT1G28380	0.975974433	0.348960806	0.175782873	0.731753999	-0.825140421	-0.40030166	cluster4
AT1G31580	0.358015713	0.814134849	0.048485523	0.658783073	0.249976254	-0.983152403	cluster4
AT1G56660	1.693940977	2.01699733	-0.592447081	2.131134952	0.526040074	-0.7403005	cluster4
AT1G62320	0.076818645	1.740117945	0.406271998	0.867572999	0.365360561	-0.210828091	cluster4
AT1G63750	1.068307167	0.4315153	0.24360231	1.732611585	-0.930135676	0.195210832	cluster4
AT1G63860	0.946634948	1.726597538	1.148077951	2.02956782	-0.279965062	0.835420107	cluster4
AT1G64400	0.562123689	0.783165167	0.330115676	0.967508428	-0.038405161	0.209399121	cluster4
AT1G65860	0.327377287	0.751457858	-0.134299328	0.673284643	-0.436983125	-0.411137497	cluster4
AT1G66090	3.217018006	1.200105589	1.567873792	5.38804629	0.780429453	0.312880772	cluster4
AT1G72450	1.397627395	2.391006907	0.797613132	1.327212114	0.880486823	0.518447439	cluster4
AT1G72520	2.932688801	2.987838281	-0.500218583	3.688642364	0.96852652	-1.72604089	cluster4
AT1G73805	2.019654515	1.726780525	1.497329328	3.933564388	0.1013352	-0.860589503	cluster4
AT1G74330	0.20101764	0.285427815	-0.422740131	0.698004808	-0.863578894	-0.569126909	cluster4
AT1G74430	1.027617289	1.949516269	0.202012044	1.521438386	0.143873565	0.284864531	cluster4
AT1G74950	0.788877231	1.75252288	0.126625387	1.246675983	0.505592667	-0.167227327	cluster4
AT1G76360	0.741422031	0.757433841	0.694003165	1.161813541	-0.330085205	0.536486289	cluster4
AT2G13790	0.142083669	1.098557233	0.222866502	0.671347668	0.414913613	-0.304038102	cluster4
AT2G14750	0.120158683	0.73723994	0.199103631	0.174403034	-0.285345965	-0.210506818	cluster4
AT2G16720	0.097321054	0.363874693	-0.556308814	0.839924223	-0.319355959	-0.232901376	cluster4
AT2G20610	0.081855175	0.594580758	0.073268036	0.157912513	-0.506732157	-0.581609359	cluster4
AT2G21510	1.943545106	3.078296203	1.097140004	2.941864038	1.324423979	0.536679261	cluster4
AT2G24330	0.248640151	0.535047938	-0.322703285	0.172187472	-0.580628785	-0.474257202	cluster4
AT2G24600	2.131026779	1.862030598	0.744651738	2.472250366	-0.022769214	-0.538222404	cluster4
AT2G25250	1.171333125	0.546884293	0.326664448	1.153799868	-0.622438634	0.149300056	cluster4
AT2G27080	3.214857221	2.492489383	0.262593222	3.505514438	0.834252191	0.449490764	cluster4
AT2G27690	0.97890886	3.243336523	0.141169267	1.645337332	1.031687034	-0.293165176	cluster4
AT2G35710	1.191032359	1.138302846	0.654183765	0.790153303	-0.645601038	-0.297439841	cluster4
AT2G38470	3.511185646	0.581408527	1.698753407	2.804278016	-0.514661644	0.270142079	cluster4
AT2G39650	2.067619404	0.894691003	0.307763257	2.37293868	-0.821822584	-0.41571601	cluster4
AT2G41100	1.472139582	1.869371607	1.829602191	2.101872211	1.52520808	0.632388473	cluster4
AT2G42530	2.525749749	2.144085241	1.523671853	2.312066862	1.005072901	-1.524602577	cluster4
AT2G43120	0.473151068	0.446523865	0.296842164	0.829110042	0.217117469	-0.157868218	cluster4
AT2G47060	1.04072125	0.592822861	-0.290511803	1.009378897	-0.548846249	-0.30789347	cluster4
AT3G01550	0.337742338	0.481066212	-0.053503463	0.198407577	-0.37703628	-0.671784401	cluster4
AT3G01830	4.686250625	4.115553601	1.758681215	4.497363382	0.343016075	-1.46051217	cluster4
AT3G10300	0.878720411	1.443494081	1.149733885	1.764296772	0.754199119	0.98456682	cluster4
AT3G14590	0.571749541	1.048304958	-0.232475517	1.083498439	0.214817413	-0.114319788	cluster4
AT3G16860	2.064997271	1.055873134	-1.067971139	2.144895989	-1.409438978	-1.441297029	cluster4
AT3G17770	0.660843247	0.807732773	0.020705551	0.999205158	0.327235249	0.071088556	cluster4
AT3G22231	0.253692203	1.140744832	-0.016998363	1.633068997	0.446799565	-1.355995791	cluster4
AT3G26910	0.314633182	0.045646348	0.275999882	0.65908235	0.08240609	0.050776401	cluster4
AT3G28210	1.08755938	1.507436958	1.662694854	2.543187814	1.705412923	1.017584542	cluster4
AT3G44190	0.303794179	0.589291011	-0.168369657	0.647914232	0.446484203	-0.81579248	cluster4
AT3G44260	4.051759185	1.702046593	0.407775541	3.20700294	-0.352484945	0.128925449	cluster4
AT3G44870	2.231039081	4.204174784	-0.3878031	2.670811294	-1.848948172	0.284898438	cluster4
AT3G45960	3.963964922	3.500410806	8.99E-06	3.847851966	0.81152351	-0.282731546	cluster4
AT3G47960	0.972761195	1.254328276	-0.3635622	0.997058545	0.101150247	-0.40897453	cluster4
AT3G50260	0.98155391	1.854673731	0.835284269	1.432283819	1.008129638	0.255741061	cluster4
AT3G50930	3.432203182	1.682030276	-0.053498165	2.90465649	0.06992909	-0.242018163	cluster4
AT3G54020	1.44434578	2.308676154	0.329871144	2.424502887	1.118874601	0.574619291	cluster4
AT3G55430	0.791226104	1.072741972	-0.18948182	1.410552581	0.204330995	-0.159414341	cluster4
AT3G55980	3.885587742	1.08222062	0.513136962	3.279468528	-0.479224972	-0.268003054	cluster4
AT3G60420	0.530478536	0.583806094	0.783968627	1.229227821	0.367355316	-1.210126918	cluster4
AT4G00970	0.012680991	0.987984877	0.024028242	0.939168715	-1.111222276	-1.034483809	cluster4
AT4G09820	0.898095788	0.941756678	0.59677649	1.374824484	0.269827935	-1.17305861	cluster4
AT4G10390	0.641212322	1.075641044	-0.291675989	0.514788061	-0.40629716	-0.761440003	cluster4
AT4G11280	3.092980364	1.505443083	0.098303319	2.884763375	-0.450095296	-0.932386039	cluster4
AT4G12030	-0.181278092	0.398754431	-0.009688966	-0.076890162	-0.912478021	-0.421244323	cluster4
AT4G12720	1.032195717	1.308319391	0.552474581	1.768320085	0.85956004	-0.215069258	cluster4
AT4G14370	1.46317318	1.226044669	0.391440711	1.639278541	-0.737728139	-0.419442549	cluster4
AT4G14680	0.039719755	1.004431297	0.271889309	0.461223675	0.222072046	-0.150810486	cluster4
AT4G17615	1.067079672	0.769319744	-0.218585697	1.10932612	-0.393372692	-0.208689854	cluster4
AT4G18010	0.571394596	0.941228083	0.763524025	0.832928463	-0.86324257	0.309615975	cluster4
AT4G18070	0.25663184	0.744035682	-0.016267767	0.339519368	-0.595430623	-0.461984544	cluster4
AT4G19520	0.601046867	1.170681697	0.49200987	1.930689456	-0.225184694	0.174553574	cluster4
AT4G19960	0.905903085	1.190280638	0.220441413	0.664890577	-0.48926389	-0.268084993	cluster4
AT4G21840	0.650348809	2.132941057	0.074959435	0.563322105	-0.006795107	0.037009676	cluster4
AT4G24960	0.191524985	1.063220819	-1.010931299	-0.081015623	0.861002683	-2.258600417	cluster4
AT4G26480	0.074600843	0.250336722	-0.205145437	0.063245455	-0.661531063	-0.637839607	cluster4
AT4G27070	-0.109918642	0.575235887	-0.275874306	0.298830001	-0.077199926	-0.558127403	cluster4
AT4G29780	4.968016213	1.540792785	0.124338763	4.093635107	-0.52204234	-0.639368282	cluster4
AT4G31800	1.942222856	3.388674196	1.210476307	2.481554961	0.827841832	0.399568569	cluster4
AT4G32800	0.340330677	1.257814697	-0.989279204	0.065148049	-0.620726575	-1.333920256	cluster4
AT4G33050	1.153577477	0.632733794	1.309685328	1.257478016	-0.854950785	-0.163550616	cluster4
AT4G33920	1.700303529	0.578503873	0.212437625	1.239986957	-0.728610628	-0.190774752	cluster4
AT4G34990	0.239290055	1.023108137	-0.73418663	0.307630256	-0.541162207	-0.591784752	cluster4
AT4G35985	1.580440931	2.174707397	0.512993669	2.326210676	1.232939819	0.173838098	cluster4
AT4G36010	0.715942565	2.116610015	0.369282063	1.257647016	0.646626528	-0.490540209	cluster4
AT4G39890	0.82517313	0.62638185	0.600778044	1.690093451	-0.258455327	0.065377164	cluster4
AT4G39940	-0.109717614	0.662454085	0.078528795	0.078873527	-0.543840745	-0.4173779	cluster4
AT5G01040	0.061387673	1.736894142	0.327226099	1.109108945	-0.68824924	-0.188708799	cluster4
AT5G01050	0.195097117	1.448666568	0.527477707	0.719680275	-0.536823278	-0.174922039	cluster4
AT5G01100	2.446430736	2.278071251	0.751290284	2.754552894	1.017688509	-0.275372038	cluster4
AT5G03350	0.405499104	1.194770983	0.260470888	0.667663041	0.247163803	-1.169675802	cluster4
AT5G07920	0.499343312	0.899514792	-0.230873849	0.781625837	-0.145582112	-0.413711614	cluster4
AT5G10550	0.21590012	0.439758488	0.029504656	1.530439064	0.035840393	0.284332088	cluster4
AT5G11790	0.318357997	0.628055431	0.208545949	0.066872544	-0.280015497	-0.375489903	cluster4
AT5G13220	0.589601926	2.606763061	0.256184946	1.472065247	1.113962766	-0.605437132	cluster4
AT5G13930	0.163094152	0.390382972	-0.387015939	0.625857587	-0.005940781	-2.125794998	cluster4
AT5G15970	0.490851579	1.089556197	0.948096728	0.412602629	1.111279847	-0.497345007	cluster4
AT5G16910	0.437386386	0.73689027	-0.022235911	0.781295167	-0.238923905	-0.388177597	cluster4
AT5G17460	0.521562056	1.049941905	0.929094261	-0.262297359	0.94486572	-0.485757576	cluster4
AT5G24010	-0.277342126	0.398305707	-0.30823186	0.388462591	-0.361043969	0.067787238	cluster4
AT5G24810	0.094458303	0.754203437	-0.046393748	0.398337856	-0.346229306	-0.852325216	cluster4
AT5G25930	0.918099568	0.391171808	0.786486049	1.429201323	-0.298659107	0.00951256	cluster4
AT5G26030	1.103505775	0.528024414	-0.394246533	1.033921951	-0.910772386	-0.918441154	cluster4
AT5G26920	2.412750023	0.924362783	2.503335055	2.26041517	-1.05901199	0.173570914	cluster4
AT5G35735	1.776103886	1.071806454	2.420347595	1.723556187	-0.129654284	1.157150562	cluster4
AT5G38710	0.360179305	2.212227125	0.413267602	1.160732461	0.857129758	-0.389326226	cluster4
AT5G39670	3.298886819	2.270251913	2.558857152	2.893588656	1.023404783	0.355379386	cluster4
AT5G39785	1.235891819	-0.172631264	0.0754995	0.486904638	-0.842006414	-0.962241567	cluster4
AT5G41740	1.249688151	0.065710542	-0.150358433	1.605780625	-1.147557007	-0.918575425	cluster4
AT5G41750	4.058571196	2.475331771	2.451692289	4.856178233	0.321968298	0.033286215	cluster4
AT5G42800	1.071804102	1.686731977	2.060774734	2.503397448	1.482791371	-0.62003297	cluster4
AT5G44070	0.46565762	0.38104679	0.751074797	0.571281524	-0.162287419	0.014857521	cluster4
AT5G45340	4.024276502	2.26509196	2.010689674	3.588085774	1.700014344	0.475405356	cluster4
AT5G48880	0.570208007	1.093879318	0.387323769	0.908074589	-0.210896191	-1.09852488	cluster4
AT5G49520	2.280372047	2.060940111	0.368147024	1.90834483	0.140164326	-0.415392155	cluster4
AT5G49900	0.155895478	0.555342836	-0.392610938	0.229767211	-0.673929661	-0.683794978	cluster4
AT5G52310	2.70054636	2.880343561	2.71568178	1.010284429	2.842314118	0.040440731	cluster4
AT5G56160	0.281667339	1.41172095	-0.1089859	0.615992601	-0.007672189	-0.073768782	cluster4
AT5G60310	0.139444997	0.689134993	0.13277394	1.209504887	-0.046128774	0.444802967	cluster4
AT5G62570	1.064648298	1.193344297	-0.210072619	1.314030798	-0.331716731	-0.462802127	cluster4
AT5G63770	0.326954768	0.847257522	-0.180146414	0.871128787	-0.700270303	-0.342639051	cluster4
AT1G03470	0.594459156	0.401789972	-0.315734995	0.764117789	-0.087751307	1.239447678	cluster5
AT1G03860	-0.180403004	-0.454990853	-0.309217402	-0.072149636	0.019318053	0.144158081	cluster5
AT1G11410	0.36449061	-0.117916099	-0.519223691	0.03188573	-0.611342657	0.113166649	cluster5
AT1G14360	0.302755582	0.156634324	0.018655315	0.716406666	1.353953331	0.801151641	cluster5
AT1G21350	-0.243910584	-0.263498938	-0.297945212	0.07163964	0.457926551	0.509529331	cluster5
AT1G24148	0.714776588	0.528176204	0.114792016	0.501016499	0.1020262	0.994619816	cluster5
AT1G26440	-0.122635997	-0.493809164	-0.06085785	-0.561036334	-0.461377404	0.894936102	cluster5
AT1G27090	0.02848558	-0.303302969	0.090385978	0.176673049	0.244127779	0.385697226	cluster5
AT1G28670	-0.270099338	-0.31666671	-0.305865726	-0.330104391	-0.062516795	0.635221477	cluster5
AT1G30500	1.458353102	0.9601266	-0.057561941	0.476852377	0.62721111	1.173976429	cluster5
AT1G32090	-0.142012239	-0.321823361	-0.214133735	0.31784421	0.307850773	0.580737831	cluster5
AT1G32780	0.493073621	0.272889176	-0.210207881	0.253068401	0.387334959	1.04240647	cluster5
AT1G43800	0.367985551	-2.396444795	-1.115171151	-0.021835852	0.638184962	0.7498522	cluster5
AT1G48700	-0.558192477	-2.170086056	-2.697161856	0.346663803	2.043098889	1.763284484	cluster5
AT1G56610	0.266325395	0.050673853	-0.577240763	-0.097598314	-0.29492031	0.277054871	cluster5
AT1G58030	0.115591186	-0.177563387	-0.229018728	-0.065525136	-0.009469457	0.340640342	cluster5
AT1G63090	1.255156219	0.746113638	0.537696326	1.268816461	1.007526143	1.495967714	cluster5
AT1G63690	-0.05874208	-0.569291696	-0.062333425	-0.284579019	-0.569730109	0.514912682	cluster5
AT1G65040	0.196218696	-0.024884751	-0.101883138	0.153448224	0.867125706	0.697166854	cluster5
AT2G01100	-0.071550322	-0.059682218	-0.310742041	0.016007348	0.357068424	0.477653858	cluster5
AT2G01220	0.026867418	-0.065798898	-0.154092914	-0.182478169	-0.182422559	0.431184575	cluster5
AT2G01990	-0.112256423	-0.022875399	-0.341371659	-1.39408029	-0.14540495	0.059797485	cluster5
AT2G02770	-0.402658746	-0.279971239	-0.10238714	-0.156402433	-0.343775902	0.492828503	cluster5
AT2G02780	-0.090973378	-0.412337488	-0.329082564	-0.484634281	-0.400315848	0.126051602	cluster5
AT2G02810	0.550545242	0.264197976	0.246214025	1.02236565	1.621234913	1.10461451	cluster5
AT2G17900	-0.229904304	-0.536589422	-0.198484334	-0.027382625	0.360567699	0.319093233	cluster5
AT2G18480	0.16827273	-0.550021067	-1.568775933	-0.934570778	-1.086985515	-0.564981279	cluster5
AT2G24120	-0.043513534	-0.419398075	-0.894686553	-0.432181816	-0.570357498	-0.155154045	cluster5
AT2G24650	-0.142395307	-0.49937749	-0.126939865	-0.339692205	-0.116782839	0.524960776	cluster5
AT2G25090	0.000710531	-0.574510783	-0.955098901	0.331462754	0.922859803	0.63981848	cluster5
AT2G25110	0.157099212	-0.154730766	0.000801028	0.287665775	0.860855103	0.52325959	cluster5
AT2G25590	-0.51337388	-0.616763032	-0.664520622	-0.396791241	-0.61961614	0.597386272	cluster5
AT2G25760	0.175047016	-0.284713648	0.082475571	0.009582159	-0.02059061	0.579279499	cluster5
AT2G36950	0.144798444	-0.348006772	0.168903658	0.45555895	0.66324321	0.633891894	cluster5
AT2G41070	-0.03054195	-0.070029695	-0.793342466	-0.00430782	0.302772903	0.502171991	cluster5
AT2G45380	0.025789985	-0.271425191	-0.364542415	-0.231619861	-0.431529262	0.207582962	cluster5
AT2G45910	0.041120499	-0.120223439	-0.221087398	-0.03674096	-0.229388678	0.308990533	cluster5
AT2G45920	-0.291051749	-0.265397429	-0.78388648	-0.259566878	-0.225649184	-0.012146993	cluster5
AT2G46250	-0.101596919	-0.450177268	-0.636144799	-0.513428796	-0.009520599	0.969129957	cluster5
AT3G17740	-0.022180051	-0.258417488	-0.3715961	-0.244923403	-0.234974203	0.371111109	cluster5
AT3G19990	0.405997149	-0.09323335	-0.08342296	0.330189094	0.16060073	0.538704207	cluster5
AT3G21260	-0.067892634	-0.239201122	-0.081598893	-0.483097846	-0.143705536	0.641940071	cluster5
AT3G21350	-0.044891959	-0.197400853	-0.151949935	-0.272699553	0.100464278	0.434708478	cluster5
AT3G22420	-0.043209985	-0.397448913	-0.745120515	-0.370972026	-0.442610652	-0.252516304	cluster5
AT3G22880	-0.323454357	-0.380101285	-0.000652219	-0.270074427	-0.228325582	0.713319141	cluster5
AT3G26690	-0.053983577	-0.113189947	-0.435173575	-0.195625565	0.670653873	0.248386836	cluster5
AT3G26720	-0.153142073	-0.473812963	-0.396121654	-0.411339972	-0.336960792	0.245588023	cluster5
AT3G51420	0.222269834	-0.173195764	-0.422234759	0.075838839	0.244497571	0.217495126	cluster5
AT3G55090	0.840662567	-0.05315798	-1.003400884	-0.184412632	0.221458543	0.174526313	cluster5
AT3G56690	-0.07117287	-0.394047724	-0.137482435	-0.293012848	-0.359381212	0.462804583	cluster5
AT3G57810	0.278983415	0.050108863	-0.017550563	0.355941933	1.264912637	0.868588532	cluster5
AT3G62600	0.129140891	-0.087355885	-0.144848002	0.253664598	0.813941392	0.371535835	cluster5
AT4G01270	0.039104136	-0.148583078	-0.184559286	-0.291177452	-0.105083665	0.73935189	cluster5
AT4G10250	1.248801868	-0.82791426	-0.090878901	2.990362482	4.670346993	5.855085872	cluster5
AT4G10330	0.431161175	0.29149079	-0.008040577	0.618774259	1.07718091	0.880162474	cluster5
AT4G11960	0.445066262	-0.000862122	0.282898317	0.213769224	0.67130711	1.808636076	cluster5
AT4G16260	0.261859169	-0.005423222	0.303204374	-0.032379737	0.12721016	1.555241799	cluster5
AT4G17910	-0.193164952	-0.566770096	-0.317829663	-0.270615432	-0.139368209	0.499399607	cluster5
AT4G21880	-0.15679485	-0.226223753	-0.052436175	-0.236398489	0.133102172	1.019921432	cluster5
AT4G23400	-0.136451327	-0.316861617	0.216960957	-0.430313809	0.033086052	1.084530103	cluster5
AT4G24190	0.056162382	-0.311547204	-0.116017462	0.162483682	0.564543539	0.162571427	cluster5
AT4G33740	-0.103261771	-0.413804938	-0.229148792	-0.387881335	-0.439132772	0.285026512	cluster5
AT4G33910	0.156337255	0.091601036	-0.00280374	0.088013272	0.122207135	0.586699747	cluster5
AT4G34260	0.049969524	-0.003580915	-0.232487699	-0.150945959	-0.15339974	0.541685134	cluster5
AT4G35470	-0.083164248	-0.104329562	0.093613062	-0.011019605	-0.153926829	0.606043418	cluster5
AT4G37380	-0.234939429	-0.456832145	-0.637608485	-0.128647811	-0.228440238	0.431705406	cluster5
AT4G37520	-0.066110907	-0.137355414	-0.190960319	-0.21930347	-0.018075933	0.545325896	cluster5
AT4G38060	0.038130358	-0.509390702	-0.916014514	0.292699939	0.459992852	-0.053061065	cluster5
AT4G38090	-0.127662145	-0.30848317	-0.174598162	-0.162563526	-0.045830318	0.481860683	cluster5
AT4G40060	0.008629676	-0.434654089	-0.727821132	-0.242229752	0.350168586	0.051473623	cluster5
AT5G01670	0.350454615	0.001151847	-0.904619336	-0.117517542	-0.137568951	0.392231268	cluster5
AT5G03120	-0.383471327	-0.382241467	-0.695394383	-0.968403665	-0.5726481	-0.042323934	cluster5
AT5G03230	0.46405108	0.221558827	0.382814553	0.246413428	0.366772998	1.18415665	cluster5
AT5G04150	1.634769085	1.650856447	0.430477724	3.417276925	2.278216429	3.515410426	cluster5
AT5G07570	-0.17605676	-0.024659382	0.442528004	-0.126263307	0.014225795	1.609486311	cluster5
AT5G10946	0.239893059	-0.455823994	-0.569491203	-0.140213631	0.863433802	0.493611656	cluster5
AT5G13490	0.326608827	-0.101578228	-0.104608159	-0.013682222	0.249128724	0.78764744	cluster5
AT5G15860	0.293768803	-0.380998539	-0.17611766	0.24439259	0.617025514	0.350549361	cluster5
AT5G20450	-0.304075817	-0.410373097	-0.307763604	-0.294621069	0.022731596	0.665042072	cluster5
AT5G21970	0.134617517	-0.50233517	-0.657735606	-0.391796798	-0.700029467	0.049883792	cluster5
AT5G23050	-0.002433183	-0.52015746	-0.764691227	-0.216772291	-0.272508358	-0.171783178	cluster5
AT5G24160	0.094834446	0.02064836	0.145222006	0.123277773	0.678181343	2.157210809	cluster5
AT5G25120	0.33530505	-0.516499388	-0.851511177	0.340910438	-0.461142449	0.027901275	cluster5
AT5G25130	1.135872056	0.934193941	-0.018064643	2.086597542	2.181735303	1.605100015	cluster5
AT5G25140	0.166469585	0.75304412	-0.515497389	1.037791199	1.530307552	1.37636425	cluster5
AT5G25560	-0.213580149	-0.354322649	-0.429922974	-0.25443683	-0.177518237	0.233097336	cluster5
AT5G25970	0.668108757	-0.187050788	-1.242928293	0.429460044	-0.041256411	0.216875767	cluster5
AT5G27360	0.061442755	-0.365244072	-0.677827508	-0.297487398	-0.531965234	0.311435948	cluster5
AT5G38200	-0.154647251	-0.742190811	-1.213116652	-0.565652258	0.162077174	-0.33267919	cluster5
AT5G40250	0.195640399	-0.075126189	-0.30021891	0.401445576	0.500822344	0.666186795	cluster5
AT5G42470	0.124317568	-0.192914624	0.055961564	0.006148441	0.14485506	0.521559617	cluster5
AT5G43270	-0.268921918	0.126465392	-0.561472584	-0.354704449	-0.288293443	-0.079622069	cluster5
AT5G44380	0.011712715	-0.127053845	0.380988919	-0.096602431	0.333694957	1.224229914	cluster5
AT5G47000	-0.120030083	-0.44966488	-1.60107631	-0.604294598	-0.761361624	1.006687494	cluster5
AT5G50400	0.034645149	-0.209834814	-0.375102436	-0.219178048	-0.279143053	0.306106016	cluster5
AT5G56280	0.02673755	-0.362889452	0.238733124	-0.137739621	0.056073799	0.726527064	cluster5
AT5G56850	0.148089631	-0.037880537	-0.617119805	0.006065422	0.299073927	0.35304267	cluster5
AT5G57790	0.687209297	0.087010499	-0.375431668	0.142427476	0.333646262	0.697395206	cluster5
AT5G58200	0.075103704	-0.036912164	-0.097379632	-0.15054857	-0.083863877	0.436812322	cluster5
AT5G63190	0.114638136	-0.561926975	0.237284155	-0.154419156	0.268277218	1.06243794	cluster5
AT5G65730	0.163270612	0.188197048	-0.266821688	0.111661249	0.761430505	0.49318038	cluster5
AT5G65940	-0.06567254	-0.408811174	-0.344173155	-0.165066604	-0.389314633	0.24494033	cluster5
AT5G66960	-0.077631897	-0.152114153	-0.002220603	-0.235835455	0.006218218	0.874130791	cluster5
AT5G67110	-0.146868081	-0.436165903	-0.889716392	-0.674075123	-0.629462882	0.07289657	cluster5
AT5G67610	-0.023959491	-0.154389268	-0.240970161	-0.023784912	0.1475622	0.587646388	cluster5
AT1G10230	-0.136096378	-0.163976712	-0.505577993	0.583938627	0.409797683	0.149761477	cluster6A
AT1G10380	0.007637579	0.100299216	0.022497446	0.324825885	0.749196792	0.20763668	cluster6A
AT1G11100	0.15579528	-0.356245982	0.201873632	1.062500657	1.081208336	0.423407899	cluster6A
AT1G18330	-0.505737148	-0.565088082	0.670166793	2.224709643	0.936564177	1.539156053	cluster6A
AT1G30070	0.202056943	-0.021599342	-0.172438722	2.92730836	2.655537692	0.539928569	cluster6A
AT1G31280	0.079577745	-0.183574001	-0.495911706	1.693154186	0.314900031	-0.564362585	cluster6A
AT1G35660	-0.004489873	-0.50169619	-0.284163996	1.000567573	0.851678233	0.642256247	cluster6A
AT1G44350	0.22279768	2.533476506	1.351300941	1.176638192	2.394086803	1.640926872	cluster6A
AT1G52560	0.918741958	1.349859995	-0.218140557	3.129185537	4.01418905	0.816208897	cluster6A
AT1G59124	0.263106387	-0.014483805	-0.294830064	0.667771573	-0.225186096	-0.036887014	cluster6A
AT1G65980	0.06472624	0.000821245	0.058457331	0.627241151	0.829144549	0.433173118	cluster6A
AT1G66080	0.358773487	-0.029269291	-0.616826567	3.594890802	1.78744538	0.489683217	cluster6A
AT1G78080	0.453331118	0.20477773	-0.063112339	1.0251364	0.21340718	0.121814143	cluster6A
AT1G78150	0.0101642	-0.28106858	-0.121854587	0.356482834	0.312942022	0.22205682	cluster6A
AT1G79920	0.144449363	-0.011645637	-0.42217744	1.184371377	0.835763096	-0.54348596	cluster6A
AT2G03890	0.335642571	-0.218267235	0.308557387	0.738659251	0.556563878	0.689937972	cluster6A
AT2G04030	-0.346038745	-0.677682062	-0.983649616	0.350226959	0.450179535	-0.252910699	cluster6A
AT2G17840	1.005326213	2.891718435	0.924350824	2.173496903	2.63209045	0.597612923	cluster6A
AT2G21130	0.102152041	-0.48171744	-0.598786766	0.625153252	1.139785444	0.385969346	cluster6A
AT2G24100	0.316173387	-0.201266813	0.120970694	1.153484324	0.4342219	-0.356383239	cluster6A
AT2G28000	-0.358061237	-0.564135261	-0.580554566	0.175914289	0.070980705	-0.767982032	cluster6A
AT2G32120	0.232237528	0.221587817	0.042242263	3.972909609	3.55229975	2.482155053	cluster6A
AT2G34500	0.242375157	-0.103109384	-1.055718601	0.756605292	1.556802777	-0.076126388	cluster6A
AT2G36460	0.309048159	-0.316664842	0.24917313	1.857039379	2.03691987	1.352004677	cluster6A
AT2G36830	-0.294865867	0.092978417	-0.230470753	0.460729277	1.222992548	-0.049584447	cluster6A
AT2G37180	0.249168343	0.552027048	-0.489945876	1.067539138	1.904586371	-0.003405303	cluster6A
AT2G38600	-0.353686725	0.197135274	-0.581243574	1.06393856	0.239935534	-0.413257592	cluster6A
AT2G40830	0.087623883	0.009739205	-0.16279836	0.57935997	0.310349975	-0.035905854	cluster6A
AT2G41250	0.946588191	0.557167195	-0.192277361	0.87448639	1.30936232	0.246108339	cluster6A
AT2G43630	-0.173389659	-0.322068118	-0.468145498	0.189338594	0.311103761	-0.265127829	cluster6A
AT2G47180	0.061866706	1.049685448	0.395516486	0.901541128	2.715788491	0.86717447	cluster6A
AT3G03520	-0.039274576	0.084258178	-0.734881316	0.546675999	0.949843984	-0.569238468	cluster6A
AT3G05320	0.178109941	0.383948394	-0.484776635	1.212683803	-0.366349452	0.358763092	cluster6A
AT3G07770	0.033040006	-0.111815733	-0.334289705	0.863691528	0.873379926	0.187280001	cluster6A
AT3G08970	0.80338251	0.015101792	-0.376032918	4.037538113	2.341657032	0.96940258	cluster6A
AT3G09350	0.119789728	-0.397639065	-0.483792877	3.811008259	2.464969305	-0.305690337	cluster6A
AT3G09440	0.449808973	0.204113873	-0.537890416	2.066002692	0.684855527	-1.37374057	cluster6A
AT3G10800	0.452952911	0.041434566	-0.112743958	1.13313787	0.396450732	0.259628202	cluster6A
AT3G10820	0.275499239	0.237097011	-0.207418992	0.814598953	0.87292796	0.206127353	cluster6A
AT3G12050	0.227841104	-0.090348102	-0.282244998	2.174170075	1.938301591	0.334788981	cluster6A
AT3G12580	1.456476784	0.950915327	-0.420809488	6.218661085	6.244564584	2.951630969	cluster6A
AT3G13310	-0.410855595	0.095866678	0.016870983	0.68857781	0.239013923	0.225198787	cluster6A
AT3G13470	-0.38474827	-0.452993484	-0.608064315	0.929982013	1.314320727	-0.137602997	cluster6A
AT3G14200	0.571689799	-0.610482082	-0.714864803	2.902009702	0.139817763	-0.089474596	cluster6A
AT3G16050	0.17445364	-0.480453786	-0.550508731	3.638448576	1.901291257	0.109703884	cluster6A
AT3G20830	-0.347908508	-0.064039285	-0.621374286	0.161447286	0.087058101	-0.552294965	cluster6A
AT3G23990	-0.009788696	-0.267445058	-0.466655991	0.914209689	0.847562935	-0.266919834	cluster6A
AT3G24500	0.935067645	0.246891102	-0.619685843	5.907293743	4.925321233	2.733684021	cluster6A
AT3G25230	0.061071815	-0.182330853	-0.347648556	2.036573184	1.488629297	-0.07669763	cluster6A
AT3G43430	0.45721487	1.020859097	0.457922756	1.089037745	0.673626576	0.860371805	cluster6A
AT3G44110	0.147864568	-0.056693999	-0.424771547	1.044388607	0.424315004	-0.549483059	cluster6A
AT3G50560	0.367189914	0.28182556	-0.581094117	1.106591192	1.612880953	0.043274571	cluster6A
AT3G51910	-0.046148455	0.556049666	1.259290282	5.439839898	2.254388738	1.700299211	cluster6A
AT3G53230	0.400950669	-0.170270021	-0.477048359	1.937081455	2.884689073	0.911616348	cluster6A
AT3G53830	0.899441908	1.65915407	0.633792948	2.580681115	3.14446416	1.066436945	cluster6A
AT3G63310	0.218551143	-0.02323942	0.176312313	0.61785991	0.84440649	0.550026027	cluster6A
AT3G63350	0.491585763	2.018473606	1.294193793	7.040854295	4.271960462	2.115258148	cluster6A
AT4G04020	0.675811487	0.929226527	1.002761447	1.589525244	2.147470958	0.470623101	cluster6A
AT4G08230	0.243857812	0.340961876	0.178616019	0.651845429	1.267984391	0.582863342	cluster6A
AT4G08950	0.70078219	1.084830817	-0.791202255	1.437692272	0.434103476	0.063089731	cluster6A
AT4G09150	0.208306285	0.192311788	0.207228132	1.594446605	0.775950894	0.2002855	cluster6A
AT4G11660	0.640213323	-0.308774075	-1.100862855	3.188910833	0.937475915	0.115569258	cluster6A
AT4G15410	0.021171348	-0.236248692	-0.287241516	0.948305639	0.106674982	-0.283152542	cluster6A
AT4G17250	1.435959471	-0.379274146	0.247106966	2.581742418	0.788233481	0.901554181	cluster6A
AT4G23493	-0.199230757	-0.774354775	-0.443442559	1.331259765	2.025687462	1.327531164	cluster6A
AT4G23570	0.606203377	0.738721996	0.305736955	3.130185013	1.972801246	0.335521403	cluster6A
AT4G24280	-0.156523835	-0.470829297	-0.470437929	0.273298307	0.079495585	-0.288219996	cluster6A
AT4G25200	0	0.716145783	-1.110073497	6.700909406	8.752012819	6.190394267	cluster6A
AT4G29330	0.110385388	-0.092210967	-0.127072082	0.684406502	0.882627679	0.297737095	cluster6A
AT4G30490	0.93542576	0.788198982	0.251606336	1.913783026	1.241935447	0.499559798	cluster6A
AT4G33940	0.840897809	0.872048181	0.549902926	1.287697141	1.088803313	0.820245237	cluster6A
AT5G01380	1.02989771	4.022659411	1.431153949	2.736425449	3.849681221	1.730516996	cluster6A
AT5G02490	1.033422057	1.311306475	-0.108570385	2.850944098	2.372085345	-0.059770467	cluster6A
AT5G02500	0.00019314	-0.008809572	-0.330191262	0.693299178	0.387306204	-0.650842407	cluster6A
AT5G03160	0.242004867	-0.006083202	0.008780484	0.338802863	0.673464328	0.022083911	cluster6A
AT5G03340	0.00870646	-0.296270263	0.024178424	0.93193957	0.423074694	0.244809598	cluster6A
AT5G03560	-0.040066255	-0.050754883	-0.266697168	0.372869556	0.440829921	0.050687599	cluster6A
AT5G05410	1.160413296	-0.199144015	1.136087573	3.305297232	1.243953749	0.729622631	cluster6A
AT5G10300	-0.344953659	0.980577345	0.013294733	0.304467385	0.718812262	-0.063757755	cluster6A
AT5G13210	0.445936055	1.015665449	0.541683687	1.172676807	1.253182998	-0.02015944	cluster6A
AT5G18065	0.422514345	0.078944256	-0.117781532	1.645112691	1.462841285	0.899406921	cluster6A
AT5G18340	0.109970717	-0.327480966	-1.240808448	2.590240155	1.67726456	1.018988451	cluster6A
AT5G19110	0.505829083	3.23517609	0.137764417	2.175815226	2.411601372	-0.098343411	cluster6A
AT5G22060	0.225927968	0.023967998	-0.402121703	1.257240289	0.620592538	-0.483395709	cluster6A
AT5G23350	1.022140062	1.334903019	0.977919386	1.612577619	1.701462766	0.683634891	cluster6A
AT5G24150	0.462370559	0.043913352	-2.045519536	0.553169954	0.284006158	-0.515120053	cluster6A
AT5G24530	0.437845566	0.37328945	-0.933776984	0.513986067	0.391154084	0.231042077	cluster6A
AT5G28540	0.131472476	-0.251605492	-0.200525485	0.372047681	0.688813024	0.10764229	cluster6A
AT5G35320	0.002420973	-0.25927934	-0.142128148	3.077020388	1.106278509	0.438332889	cluster6A
AT5G42020	0.10911416	-0.354529368	-0.328634084	0.251104674	0.41194715	-0.217090049	cluster6A
AT5G42220	0.010383146	-0.230495898	-0.120706343	0.229104215	0.410611467	0.083310056	cluster6A
AT5G46170	0.22421488	-0.241770018	-0.470737682	1.032966264	-0.058964622	-0.160948405	cluster6A
AT5G47120	0.325144522	0.324980862	0.335308804	0.863806943	0.791091257	0.277568703	cluster6A
AT5G47830	0.332722912	0.044189435	0.213829834	2.267153978	2.269095888	1.335761896	cluster6A
AT5G49910	-0.18461276	-0.223836967	-0.530638278	0.694770962	0.374875063	-1.268854871	cluster6A
AT5G53400	-0.044980308	-0.362480183	-0.204512364	0.765438245	1.063415816	-0.336807065	cluster6A
AT5G55970	0.613997103	0.211008	0.638837674	1.55388078	1.683200665	0.635405152	cluster6A
AT5G56010	0.293917395	0.012510578	-0.500558563	1.888046056	0.71911723	-0.759766657	cluster6A
AT5G56600	0.06716491	0.241569095	-0.063719125	0.508392032	0.854886374	0.302260189	cluster6A
AT5G58070	0.329007579	0.490984715	0.730135597	1.425163266	2.233520061	0.611893627	cluster6A
AT5G58590	0.158888795	0.00716428	-0.350871987	1.025175391	1.311844261	0.284941735	cluster6A
AT5G58770	0.116483753	-0.128437263	-2.444804149	0.822393045	0.729772551	-1.278271206	cluster6A
AT5G62020	1.557325759	0.406525106	-0.314033399	2.891980407	1.520020591	0.721555828	cluster6A
AT5G65690	-0.565604097	1.838555886	0.300436197	1.159981608	1.673870772	-0.099783033	cluster6A
AT1G09210	0.054877053	-0.176756517	-0.103260859	-0.015328014	0.222430859	-0.324908418	cluster6B
AT1G10050	0.038662008	-0.240523584	0.157771698	0.513904816	0.30962801	0.063502661	cluster6B
AT1G20450	1.304866151	2.144852323	0.783362219	1.338069753	1.881273964	-0.325622338	cluster6B
AT1G23180	-0.145097881	-0.502332643	-0.46596495	0.134165577	0.165867753	-0.358672573	cluster6B
AT1G24100	0.193727109	0.714384006	-0.19093241	0.614998165	0.33545879	0.105681916	cluster6B
AT1G32170	0.302897681	0.695578383	0.271254724	0.969765465	0.801162212	0.547926009	cluster6B
AT1G50590	0.408041939	0.590230686	-0.948745938	0.973871437	0.012819666	-0.268863651	cluster6B
AT1G51760	0.128487616	1.395218454	0.408391513	0.562488626	1.396841924	0.323762153	cluster6B
AT1G58807	0.230065744	-0.094658438	-0.326662789	0.640675502	-0.35727322	-0.039829327	cluster6B
AT1G59865	-1.585864108	-0.955845187	0.285046403	1.60379989	0.769227783	0.661065737	cluster6B
AT1G62520	-0.348384832	-0.03715464	-0.470221814	0.291034608	0.469054051	-0.210766054	cluster6B
AT1G69840	0.639062845	1.273480589	0.369942226	1.526660848	1.087637309	0.607581139	cluster6B
AT1G79840	0.214249984	-0.285967431	0.306954085	0.719180648	0.42142507	0.394872571	cluster6B
AT2G21940	0.095087122	-0.040101983	0.060865367	0.643495233	0.731108908	0.225544434	cluster6B
AT2G30500	0.835080641	0.397130078	-0.487702262	0.668029783	0.027493057	0.020582021	cluster6B
AT2G34600	5.023911751	5.038966985	0.773727825	5.83036455	3.652587896	2.312438546	cluster6B
AT2G36650	1.142597955	0.709200292	-1.626572867	1.751237444	0.182404748	-1.131031627	cluster6B
AT2G45050	-0.40985506	0.093340741	0.121229634	0.384508076	1.129888099	0.192824077	cluster6B
AT3G10113	0.005240413	-0.052398649	1.149194991	2.745947224	1.424414996	2.050855447	cluster6B
AT3G11340	-0.106156837	0.678136059	0.350374384	0.617147932	0.998377988	0.509559489	cluster6B
AT3G15340	0.131278446	-0.792722114	-0.119694569	2.106214871	1.500750766	0.195989612	cluster6B
AT3G18290	0.682563644	0.561226357	-0.856122353	1.225300603	-0.375301544	0.338139632	cluster6B
AT3G45970	1.101077316	2.54254476	0.307494015	2.185840204	1.220354876	1.428771335	cluster6B
AT3G48520	3.668823149	3.559073237	-0.65755876	4.556087395	2.985407819	-0.103446479	cluster6B
AT3G57880	0.838444763	0.301925713	-0.707543221	2.001538214	0.709675103	-0.21988766	cluster6B
AT4G13620	-1.200685089	-0.453332015	-0.174462616	-0.010874526	-0.233333612	-0.299145055	cluster6B
AT4G15340	-0.866132724	-0.397058398	-0.596286993	-0.198108806	-0.673969562	-0.142023701	cluster6B
AT4G17970	0.034666874	-0.154716799	0.110383441	0.777860077	0.477376374	0.896768092	cluster6B
AT4G25810	1.744578595	1.953933163	-0.115621598	2.54058992	1.636956601	0.825180728	cluster6B
AT4G30460	0.518273712	0.425545471	-0.406075093	0.572322252	1.024940955	-0.005946339	cluster6B
AT4G32208	0.285220211	0.324812314	-0.665719273	1.984713446	1.495307677	-0.487363205	cluster6B
AT4G33420	0.304325909	0.413967662	-0.183093804	0.692033301	0.413402449	0.203775324	cluster6B
AT5G02230	0.707903989	1.583600866	-0.332514956	1.063723663	1.13589588	0.73261839	cluster6B
AT5G04840	-0.21709033	-0.436176427	-0.681746839	1.090286892	0.118365675	-0.873337295	cluster6B
AT5G06300	-0.006899613	0.41575535	0.233210668	0.594388662	0.863340406	-0.383257849	cluster6B
AT5G13170	2.230754491	1.25340012	-1.420100311	1.641804393	0.501345201	-0.329830099	cluster6B
AT5G19100	0.779228973	1.948212359	0.542791382	2.221462947	2.00334405	0.542250403	cluster6B
AT5G24210	1.496150902	1.18344384	0.990507956	2.367350985	1.649486902	1.182044632	cluster6B
AT5G43850	0.49814668	0.258212061	-0.330835275	0.73488067	0.794294293	0.26918254	cluster6B
AT5G56000	0.096380963	-0.288764489	-0.115490024	0.531947136	-0.241296441	-0.45302661	cluster6B
AT5G57100	0.61347345	0.294984347	-0.631529548	1.218752844	0.472132961	-0.06035882	cluster6B
AT5G62520	3.55928289	3.619521838	1.216759116	4.52561596	2.952187113	1.948496043	cluster6B
AT5G64260	0.765174787	0.939364535	0.247893384	1.147496448	0.805035337	0.410567464	cluster6B